1714910115905,1,1.602,0.912,0,0,0,1
1714910116573,1.435456,1.010856,2.510879,0.05592638,-0.8442875,-0.02523332,0.5323666
1714910116630,1.439804,1.017899,2.51483,0.03710153,-0.8417556,-0.04475157,0.53672
1714910116643,1.440992,1.026791,2.518337,0.01820736,-0.8361252,-0.07216908,0.5434656
1714910116656,1.441283,1.030902,2.521045,0.01295257,-0.8327687,-0.08601663,0.5467445
1714910116670,1.441715,1.033807,2.521672,0.007517664,-0.8276113,-0.1034735,0.5516305
1714910116684,1.442933,1.037109,2.522839,0.003337567,-0.8258039,-0.1181754,0.5514266
1714910116697,1.44366,1.039328,2.52379,-0.004405804,-0.823323,-0.1310055,0.5522296
1714910116712,1.444529,1.042936,2.525001,-0.01299264,-0.8208853,-0.1404882,0.5533911
1714910116726,1.445301,1.046219,2.525747,-0.01507971,-0.8178117,-0.1483418,0.555834
1714910116739,1.445436,1.048996,2.526736,-0.01982624,-0.816283,-0.1544989,0.5562545
1714910116754,1.446179,1.052407,2.527427,-0.02238816,-0.8151644,-0.1597245,0.5563217
1714910116767,1.446698,1.055005,2.528616,-0.02643174,-0.8134935,-0.1669863,0.5564577
1714910116781,1.447618,1.057768,2.529489,-0.03052515,-0.8109586,-0.1749609,0.5574971
1714910116795,1.447977,1.05907,2.53091,-0.03959649,-0.8091106,-0.1818058,0.5574217
1714910116810,1.449144,1.06262,2.532218,-0.04239541,-0.8082822,-0.1831197,0.5579872
1714910116823,1.449956,1.06596,2.531556,-0.04737693,-0.8055205,-0.1829275,0.5616313
1714910116837,1.450423,1.068259,2.531589,-0.05190854,-0.8027529,-0.1882367,0.5634362
1714910116851,1.451558,1.070445,2.532199,-0.05754713,-0.7998083,-0.198162,0.5636727
1714910116865,1.45359,1.073668,2.533158,-0.06003405,-0.7987931,-0.2065263,0.5618474
1714910116878,1.454848,1.076547,2.533577,-0.0624951,-0.7986227,-0.2147485,0.55873
1714910116893,1.455644,1.079259,2.533393,-0.06738209,-0.797832,-0.2236122,0.555807
1714910116909,1.456282,1.082977,2.532801,-0.07333906,-0.7967014,-0.2315071,0.5534372
1714910116921,1.45703,1.086254,2.532061,-0.07977506,-0.7946746,-0.2413631,0.5512459
1714910116935,1.457196,1.089467,2.532011,-0.08663727,-0.793377,-0.2501741,0.5481422
1714910116949,1.458103,1.092679,2.532138,-0.09081122,-0.7926415,-0.2600909,0.5438985
1714910116963,1.458436,1.097225,2.531986,-0.09542028,-0.7916522,-0.2667558,0.5413162
1714910116976,1.459835,1.101705,2.53032,-0.09547929,-0.7901745,-0.2699659,0.541873
1714910116991,1.460883,1.106743,2.531571,-0.09603799,-0.7927691,-0.2700032,0.5379519
1714910117005,1.462424,1.111369,2.531929,-0.09464969,-0.7957167,-0.2655973,0.5360358
1714910117019,1.463316,1.115839,2.531829,-0.09299853,-0.7975312,-0.259755,0.5364909
1714910117033,1.464561,1.119964,2.532058,-0.09117992,-0.8003223,-0.2528566,0.5359421
1714910117046,1.466037,1.123909,2.532835,-0.09019267,-0.8036611,-0.2433818,0.5354992
1714910117061,1.46711,1.127253,2.533397,-0.08819986,-0.8069382,-0.2369623,0.5337794
1714910117075,1.467509,1.128947,2.533457,-0.09147085,-0.8071006,-0.2368164,0.5330476
1714910117089,1.469037,1.130814,2.533251,-0.09373824,-0.8072404,-0.2372275,0.5322586
1714910117103,1.469588,1.131294,2.532245,-0.09649409,-0.8049816,-0.2411668,0.5334155
1714910117116,1.469757,1.131926,2.531477,-0.09851292,-0.80441,-0.24216,0.5334587
1714910117130,1.470215,1.132071,2.53062,-0.09733754,-0.8047479,-0.2401882,0.5340561
1714910117144,1.470232,1.131481,2.529536,-0.09509248,-0.8056424,-0.2367296,0.5346557
1714910117158,1.470217,1.130261,2.52864,-0.09368719,-0.8067177,-0.232412,0.5351766
1714910117172,1.470026,1.128074,2.528654,-0.09157946,-0.8090408,-0.2277132,0.5340533
1714910117186,1.469584,1.125331,2.528245,-0.09079017,-0.8101431,-0.2232796,0.5343891
1714910117200,1.468711,1.122475,2.527642,-0.08947429,-0.8114347,-0.219843,0.534076
1714910117214,1.467308,1.119511,2.527184,-0.08905672,-0.8126011,-0.2164076,0.5337753
1714910117228,1.466896,1.116843,2.526026,-0.08487269,-0.8137915,-0.2124012,0.5342527
1714910117242,1.465777,1.114017,2.525443,-0.08227872,-0.8150622,-0.2082867,0.5343412
1714910117256,1.464716,1.111298,2.525156,-0.08039556,-0.8158925,-0.2054074,0.5344754
1714910117269,1.464059,1.108798,2.524816,-0.07737665,-0.816507,-0.2027936,0.5349804
1714910117284,1.463356,1.106159,2.525037,-0.0758364,-0.817391,-0.2011748,0.5344619
1714910117298,1.463042,1.10375,2.525229,-0.07468059,-0.8178588,-0.2001856,0.5342805
1714910117312,1.462907,1.101924,2.525638,-0.07334677,-0.8191108,-0.1987363,0.533087
1714910117325,1.462814,1.099327,2.526599,-0.07083719,-0.8209033,-0.1947725,0.5321312
1714910117339,1.463413,1.098227,2.527377,-0.06440819,-0.8235353,-0.1879579,0.5313314
1714910117354,1.463321,1.095125,2.528259,-0.06340808,-0.8259171,-0.1863213,0.5283227
1714910117367,1.464215,1.092819,2.52853,-0.06030157,-0.8263822,-0.1862155,0.5279962
1714910117381,1.465138,1.090722,2.529188,-0.05868252,-0.8268639,-0.1877372,0.5268844
1714910117395,1.464103,1.088231,2.529037,-0.05872563,-0.8267804,-0.1907412,0.5259308
1714910117408,1.464201,1.086791,2.529442,-0.05657745,-0.8279182,-0.1901904,0.5245741
1714910117423,1.464757,1.085805,2.530179,-0.05154403,-0.8296731,-0.1855738,0.5239735
1714910117436,1.464716,1.084085,2.530284,-0.04780373,-0.8307739,-0.1813633,0.524058
1714910117451,1.464172,1.082444,2.530072,-0.04476365,-0.8308895,-0.1779221,0.5253215
1714910117465,1.462782,1.080009,2.52944,-0.04625885,-0.8289764,-0.1767712,0.5285926
1714910117478,1.461633,1.077626,2.528647,-0.04744474,-0.8287835,-0.1747913,0.5294478
1714910117492,1.462337,1.076456,2.528933,-0.04274635,-0.8323314,-0.1645121,0.5275728
1714910117506,1.464345,1.075604,2.530112,-0.03346043,-0.8370361,-0.1428452,0.5271112
1714910117519,1.46605,1.073394,2.530586,-0.02288974,-0.840178,-0.1204824,0.5282622
1714910117535,1.46723,1.070548,2.530344,-0.009868531,-0.8403232,-0.1042636,0.5318727
1714910117548,1.46824,1.066699,2.529752,-0.008485588,-0.8387597,-0.1013239,0.534924
1714910117562,1.470278,1.064851,2.530065,-0.01039299,-0.838554,-0.1085558,0.533793
1714910117576,1.472493,1.063042,2.530432,-0.01586132,-0.8395009,-0.1191355,0.5298994
1714910117590,1.473536,1.060739,2.529886,-0.01917094,-0.8397565,-0.1255929,0.5278901
1714910117604,1.473755,1.057897,2.529546,-0.02045004,-0.8398173,-0.127556,0.5272743
1714910117618,1.473923,1.056055,2.529863,-0.01699005,-0.8413288,-0.1188143,0.5270298
1714910117632,1.474048,1.054541,2.530052,-0.01214226,-0.843374,-0.1078465,0.5262529
1714910117646,1.47401,1.052114,2.530384,-0.006831285,-0.8468285,-0.09748707,0.5228108
1714910117660,1.474132,1.048687,2.53032,-0.004048045,-0.8485427,-0.09513494,0.5204884
1714910117674,1.474457,1.045738,2.52993,-0.003197167,-0.8488634,-0.09590123,0.5198305
1714910117688,1.475037,1.044003,2.529496,-7.433599E-05,-0.8480781,-0.09241415,0.5217502
1714910117702,1.475168,1.041398,2.529257,0.003074327,-0.8472044,-0.08680613,0.5241182
1714910117716,1.476023,1.039173,2.529743,0.007545169,-0.846621,-0.07537961,0.5267769
1714910117730,1.476428,1.0362,2.529822,0.008702288,-0.8463717,-0.0743513,0.5273055
1714910117744,1.476602,1.033553,2.530282,0.00820605,-0.8471561,-0.07356293,0.5261632
1714910117757,1.477435,1.031265,2.531009,0.008540981,-0.8485227,-0.07153367,0.524232
1714910117771,1.478509,1.028947,2.531087,0.00934002,-0.8483198,-0.07002311,0.5247505
1714910117786,1.479361,1.026695,2.531552,0.009300027,-0.8481482,-0.06872803,0.5251997
1714910117799,1.480028,1.025425,2.531548,0.01055149,-0.8487182,-0.06791669,0.52436
1714910117814,1.479944,1.025374,2.532149,0.01378978,-0.8509428,-0.0607033,0.5215567
1714910117828,1.479007,1.024021,2.531869,0.01306257,-0.8528441,-0.05609842,0.5189791
1714910117842,1.478992,1.025498,2.532966,0.0157399,-0.8539011,-0.05215882,0.5175757
1714910117855,1.479014,1.026229,2.533102,0.01659442,-0.8534219,-0.04848232,0.5186958
1714910117869,1.477903,1.026037,2.532476,0.01744298,-0.8521954,-0.04643895,0.5208669
1714910117883,1.477313,1.025919,2.532463,0.01900661,-0.8506742,-0.04424778,0.5234829
1714910117896,1.477079,1.025647,2.532989,0.02102845,-0.8494596,-0.04049901,0.5256768
1714910117911,1.477072,1.025251,2.533581,0.0246186,-0.8481739,-0.03476623,0.5280021
1714910117925,1.476726,1.02458,2.53423,0.02853672,-0.846657,-0.02735499,0.5306686
1714910117939,1.476256,1.023957,2.534895,0.03187049,-0.8457128,-0.02020693,0.5323023
1714910117953,1.475603,1.022883,2.534678,0.03449519,-0.8435978,-0.01373581,0.5356904
1714910117966,1.474906,1.021563,2.535015,0.03522524,-0.8420072,-0.007418926,0.538264
1714910117980,1.474482,1.020301,2.535439,0.03781843,-0.8394693,0.0001506207,0.5420897
1714910117994,1.473696,1.019006,2.536103,0.03998302,-0.8369332,0.006688744,0.5458016
1714910118009,1.47294,1.018224,2.536777,0.0433597,-0.8338544,0.01028504,0.5501828
1714910118022,1.472077,1.017337,2.536907,0.04540728,-0.830722,0.01173183,0.5547084
1714910118037,1.471538,1.016425,2.53726,0.04733414,-0.827785,0.01463485,0.5588536
1714910118051,1.470733,1.015009,2.53721,0.04974572,-0.8251992,0.01678033,0.5623968
1714910118064,1.469693,1.014162,2.53751,0.05259865,-0.8227677,0.02181996,0.5655179
1714910118078,1.468602,1.013207,2.537847,0.0551801,-0.8207215,0.02572162,0.5680755
1714910118092,1.467591,1.012449,2.538095,0.05649983,-0.8193515,0.02794198,0.5698159
1714910118106,1.466737,1.01181,2.538321,0.05807884,-0.8182732,0.02883702,0.5711604
1714910118120,1.466223,1.010938,2.538876,0.06063682,-0.8178452,0.03071489,0.5714098
1714910118134,1.465623,1.009644,2.53902,0.06384683,-0.8175951,0.03100915,0.571402
1714910118148,1.464939,1.008938,2.540179,0.06782494,-0.8175291,0.03467987,0.5708267
1714910118161,1.463799,1.007948,2.54092,0.07172821,-0.8166524,0.0377528,0.5714093
1714910118176,1.462868,1.006662,2.541902,0.07527637,-0.8152081,0.04035171,0.5728359
1714910118189,1.462051,1.005394,2.543307,0.07964078,-0.8127097,0.04502486,0.5754415
1714910118204,1.461222,1.00403,2.544988,0.08476069,-0.8092712,0.05256015,0.5789069
1714910118217,1.460158,1.002311,2.546952,0.09027041,-0.803756,0.05938404,0.585065
1714910118232,1.458874,1.000615,2.549754,0.09690394,-0.7963325,0.06525995,0.5934689
1714910118246,1.457591,0.9989116,2.552764,0.1017583,-0.7870396,0.07203934,0.6041724
1714910118259,1.456431,0.9975244,2.556339,0.107306,-0.7750776,0.07973964,0.6175611
1714910118274,1.454622,0.9955466,2.559487,0.1117273,-0.7604493,0.08404183,0.6341695
1714910118287,1.453104,0.9954489,2.562188,0.1168124,-0.7438729,0.08772063,0.6521603
1714910118301,1.451544,0.9941522,2.56562,0.1170303,-0.7267847,0.08591226,0.6713471
1714910118315,1.450112,0.9932885,2.567895,0.1123095,-0.7111552,0.0852948,0.688745
1714910118329,1.449349,0.9942142,2.570474,0.1069225,-0.6989455,0.08329698,0.7022139
1714910118343,1.448517,0.9953269,2.572567,0.1001432,-0.6871882,0.08458294,0.7145554
1714910118356,1.446667,0.9954056,2.57714,0.07811368,-0.6767347,0.08665679,0.7269243
1714910118371,1.445872,0.9976946,2.579389,0.07182784,-0.6617014,0.0839317,0.7415845
1714910118385,1.444276,0.9996279,2.582274,0.06452711,-0.6506364,0.08449425,0.7519104
1714910118398,1.443812,1.001748,2.586252,0.05803507,-0.6373061,0.07259889,0.7649851
1714910118412,1.44234,1.003074,2.590735,0.04824593,-0.6209117,0.05330927,0.7805761
1714910118426,1.442188,1.009032,2.593483,0.03957285,-0.6013697,0.05719068,0.7959383
1714910118439,1.442214,1.010583,2.597734,0.02430281,-0.5848845,0.05172048,0.809101
1714910118454,1.44191,1.012872,2.601596,0.01228652,-0.5667489,0.04334945,0.8226576
1714910118468,1.442306,1.016061,2.605405,0.002366618,-0.5485214,0.03212383,0.8355159
1714910118481,1.442401,1.018845,2.609225,-0.01014112,-0.5312788,0.02261627,0.8468344
1714910118496,1.442975,1.021101,2.612565,-0.02391123,-0.515328,0.01518489,0.8565248
1714910118510,1.443477,1.023514,2.6156,-0.03422548,-0.5005807,0.009847791,0.864957
1714910118524,1.443803,1.025406,2.618365,-0.04344511,-0.4869199,0.003476179,0.8723586
1714910118537,1.44407,1.026925,2.620903,-0.05122128,-0.4751097,-0.000709609,0.8784342
1714910118552,1.44446,1.02838,2.623377,-0.05804782,-0.4644987,-0.002804886,0.8836648
1714910118565,1.444635,1.029314,2.625221,-0.06349777,-0.4564949,-0.003160186,0.8874517
1714910118579,1.444799,1.030091,2.626718,-0.06629233,-0.4496173,-0.00546551,0.8907411
1714910118593,1.444538,1.030347,2.627962,-0.06657284,-0.4452631,-0.008539252,0.8928807
1714910118607,1.444165,1.030956,2.629204,-0.06495617,-0.4422274,-0.01092267,0.8944811
1714910118621,1.443807,1.03143,2.63037,-0.06512837,-0.4394839,-0.01246011,0.8957996
1714910118635,1.443197,1.031537,2.631394,-0.06523263,-0.4377412,-0.01238932,0.8966459
1714910118649,1.442461,1.031217,2.632046,-0.06422096,-0.4378631,-0.01064835,0.8966817
1714910118663,1.441893,1.031232,2.632505,-0.06258649,-0.4380581,-0.01125907,0.8966947
1714910118676,1.441748,1.031986,2.633312,-0.06132302,-0.4373915,-0.01453459,0.8970602
1714910118691,1.441451,1.032576,2.634268,-0.06279191,-0.4348317,-0.01710346,0.898157
1714910118704,1.440968,1.033173,2.635259,-0.06503733,-0.4322486,-0.01684172,0.8992484
1714910118718,1.440326,1.033272,2.635879,-0.06738687,-0.4306173,-0.0158476,0.8998759
1714910118732,1.440121,1.033232,2.636389,-0.0673291,-0.4295646,-0.01666129,0.9003685
1714910118746,1.440158,1.033427,2.637369,-0.06707466,-0.4267119,-0.01853442,0.9017064
1714910118760,1.440129,1.034179,2.638551,-0.06883122,-0.4218781,-0.02009809,0.9038126
1714910118774,1.439867,1.034771,2.63987,-0.07233461,-0.4169073,-0.02147358,0.9058117
1714910118787,1.43974,1.034951,2.64094,-0.07532398,-0.4120012,-0.02214295,0.9077946
1714910118802,1.439608,1.034456,2.641591,-0.07457013,-0.4073088,-0.02216063,0.9099713
1714910118815,1.439415,1.034193,2.642254,-0.07093716,-0.4035193,-0.02340489,0.9119169
1714910118829,1.439223,1.03441,2.643278,-0.07057645,-0.3998657,-0.02324508,0.9135568
1714910118843,1.438961,1.034409,2.644346,-0.07199553,-0.3958276,-0.02260708,0.9152191
1714910118857,1.438744,1.034496,2.645016,-0.07066082,-0.392398,-0.02180501,0.9168181
1714910118871,1.438334,1.033722,2.645907,-0.0705688,-0.3895849,-0.02071827,0.9180492
1714910118886,1.438285,1.032823,2.646634,-0.06921834,-0.3867928,-0.0195781,0.9193568
1714910118898,1.438231,1.03245,2.64738,-0.06614633,-0.3836345,-0.01953005,0.9209059
1714910118913,1.43794,1.031856,2.648244,-0.06517509,-0.3803088,-0.01912908,0.9223619
1714910118927,1.437325,1.031234,2.648425,-0.06373654,-0.3781558,-0.01786613,0.9233724
1714910118941,1.436781,1.03091,2.648289,-0.06130493,-0.3784451,-0.01751329,0.9234254
1714910118955,1.436097,1.030344,2.648183,-0.06025163,-0.3805475,-0.01962683,0.9225878
1714910118968,1.435757,1.030699,2.647826,-0.05913042,-0.3829277,-0.02177926,0.9216266
1714910118982,1.434883,1.03108,2.647464,-0.06168288,-0.3858113,-0.02391419,0.9202027
1714910118996,1.43402,1.032215,2.646579,-0.06446294,-0.3902941,-0.02595917,0.9180639
1714910119011,1.433094,1.032658,2.645594,-0.07054897,-0.3971327,-0.02891125,0.9145888
1714910119025,1.433062,1.033118,2.644314,-0.07301723,-0.4040004,-0.03334705,0.91123
1714910119038,1.433144,1.033387,2.643498,-0.07330973,-0.4086514,-0.03788285,0.9089525
1714910119053,1.433538,1.033765,2.642966,-0.07237881,-0.4117538,-0.04046882,0.9075145
1714910119066,1.433717,1.034296,2.642301,-0.07165819,-0.4149375,-0.04207128,0.9060475
1714910119080,1.433536,1.034667,2.641497,-0.07157204,-0.4185845,-0.04355809,0.9043048
1714910119094,1.433408,1.035085,2.640636,-0.07070464,-0.4227039,-0.04573659,0.9023471
1714910119109,1.433502,1.035333,2.639822,-0.07062231,-0.4259903,-0.04813732,0.9006817
1714910119122,1.433904,1.035196,2.639133,-0.06894813,-0.4283627,-0.0485403,0.899664
1714910119136,1.434115,1.03503,2.638301,-0.06682886,-0.4301901,-0.04779947,0.8989915
1714910119150,1.434152,1.034845,2.637377,-0.06562684,-0.4321924,-0.04687322,0.898168
1714910119163,1.434474,1.034821,2.636691,-0.064876,-0.4339298,-0.04743768,0.8973548
1714910119177,1.435042,1.035059,2.636212,-0.06408107,-0.4344091,-0.0474635,0.8971787
1714910119192,1.435631,1.035402,2.635669,-0.06418841,-0.4338479,-0.04674703,0.8974801
1714910119206,1.435718,1.035091,2.635098,-0.06492882,-0.434023,-0.04590355,0.8973857
1714910119219,1.436199,1.034864,2.634108,-0.06432168,-0.4354797,-0.04482713,0.8967779
1714910119233,1.436596,1.034654,2.633227,-0.06444454,-0.4375818,-0.04485333,0.895744
1714910119247,1.436829,1.03446,2.63256,-0.06487768,-0.4395238,-0.04562876,0.8947222
1714910119261,1.437154,1.034103,2.631945,-0.06512121,-0.4416727,-0.04492284,0.8936814
1714910119275,1.437372,1.033298,2.631353,-0.06320008,-0.4441783,-0.04272887,0.8926845
1714910119289,1.437518,1.032854,2.630461,-0.05777272,-0.4481938,-0.04279458,0.8910405
1714910119303,1.437808,1.032793,2.629266,-0.05235236,-0.4523167,-0.04561979,0.88915
1714910119316,1.437804,1.032933,2.628624,-0.05066291,-0.4560778,-0.04894734,0.8871474
1714910119331,1.438008,1.033384,2.627859,-0.05130462,-0.4590255,-0.05103904,0.8854707
1714910119345,1.438352,1.033188,2.627135,-0.05187184,-0.4619115,-0.05264431,0.8838415
1714910119359,1.43903,1.032982,2.626531,-0.04962151,-0.464391,-0.05260489,0.8826729
1714910119373,1.439545,1.033039,2.626271,-0.04915071,-0.4653656,-0.05280192,0.8821741
1714910119387,1.44015,1.033307,2.625978,-0.05036466,-0.4647392,-0.05390464,0.8823691
1714910119401,1.440535,1.033373,2.625717,-0.05128348,-0.4635502,-0.05437492,0.8829126
1714910119415,1.440996,1.033203,2.62533,-0.05171797,-0.4623499,-0.05386651,0.8835475
1714910119429,1.441436,1.033201,2.625035,-0.05219312,-0.4620449,-0.05391003,0.8836765
1714910119443,1.442209,1.033503,2.624797,-0.05221345,-0.4617577,-0.05493668,0.8837622
1714910119456,1.442744,1.033963,2.62484,-0.05337732,-0.4611177,-0.05600216,0.8839599
1714910119470,1.443157,1.034136,2.62493,-0.05493247,-0.4600495,-0.0560796,0.8844162
1714910119485,1.443515,1.034353,2.624808,-0.05459799,-0.4592154,-0.05556983,0.8849024
1714910119498,1.443864,1.034391,2.624692,-0.05406779,-0.458971,-0.05604545,0.8850318
1714910119512,1.444552,1.034731,2.624569,-0.05358588,-0.4590168,-0.05623811,0.8850251
1714910119527,1.445128,1.035087,2.624721,-0.0544037,-0.4582987,-0.05672422,0.8853163
1714910119541,1.445634,1.035325,2.624603,-0.0556292,-0.4573439,-0.05741323,0.8856894
1714910119554,1.446111,1.035235,2.624352,-0.05547301,-0.4569236,-0.05675113,0.8859587
1714910119568,1.446465,1.035047,2.623859,-0.05450883,-0.457741,-0.05558636,0.8856705
1714910119582,1.44678,1.035254,2.623273,-0.05374401,-0.4592725,-0.05454808,0.8849886
1714910119596,1.446956,1.035663,2.622658,-0.05405467,-0.4618778,-0.05530058,0.883566
1714910119610,1.447303,1.036204,2.622148,-0.05508218,-0.4646098,-0.0576274,0.8819199
1714910119624,1.447586,1.03649,2.621533,-0.05590717,-0.4672851,-0.0602279,0.8802793
1714910119638,1.447821,1.03658,2.62078,-0.05624972,-0.4703778,-0.06198392,0.8784866
1714910119652,1.448143,1.036665,2.619928,-0.05600172,-0.4744433,-0.06404432,0.8761653
1714910119666,1.448533,1.037014,2.619175,-0.05605258,-0.4782359,-0.06736913,0.8738478
1714910119679,1.449107,1.037521,2.618599,-0.05520535,-0.4813314,-0.07000785,0.8719928
1714910119693,1.449422,1.037829,2.618289,-0.05568954,-0.4835237,-0.07253455,0.8705413
1714910119707,1.449812,1.038308,2.618102,-0.05632151,-0.4853776,-0.07402202,0.869343
1714910119721,1.450086,1.03868,2.618075,-0.0580259,-0.4869499,-0.07556245,0.8682184
1714910119735,1.450371,1.03916,2.618036,-0.05920215,-0.4880611,-0.07671752,0.8674133
1714910119749,1.450742,1.039439,2.61801,-0.06021362,-0.4886444,-0.0776101,0.8669358
1714910119763,1.451269,1.039374,2.618068,-0.06082148,-0.4886283,-0.07823396,0.8668464
1714910119776,1.451632,1.039397,2.618205,-0.06059913,-0.4882043,-0.07873379,0.8670555
1714910119791,1.451901,1.03949,2.618305,-0.06028721,-0.4875781,-0.07892324,0.8674123
1714910119805,1.452135,1.039529,2.618361,-0.06070559,-0.4872431,-0.0789939,0.867565
1714910119819,1.45241,1.039408,2.618331,-0.06090949,-0.486959,-0.07905463,0.8677047
1714910119833,1.452726,1.039429,2.618303,-0.0608747,-0.4868349,-0.07893254,0.8677878
1714910119847,1.452976,1.03968,2.61832,-0.06113936,-0.4866817,-0.07828184,0.8679141
1714910119861,1.453179,1.039969,2.618397,-0.06244194,-0.486531,-0.07724336,0.8679989
1714910119874,1.453297,1.039964,2.618481,-0.0640908,-0.4862293,-0.07645041,0.8681179
1714910119888,1.453617,1.040067,2.618462,-0.06458088,-0.4859346,-0.07622147,0.8682668
1714910119903,1.453707,1.040114,2.618589,-0.06449074,-0.4851843,-0.07591538,0.8687198
1714910119917,1.453819,1.040061,2.618788,-0.06392624,-0.4840637,-0.07544339,0.8694274
1714910119930,1.453901,1.03995,2.619061,-0.06311866,-0.4827483,-0.07462583,0.870288
1714910119944,1.453984,1.039901,2.619367,-0.06317959,-0.4814526,-0.07406479,0.8710489
1714910119958,1.454163,1.039893,2.619746,-0.06343909,-0.479377,-0.07423656,0.8721594
1714910119972,1.455169,1.039697,2.621084,-0.06327802,-0.475379,-0.07511143,0.8742819
1714910119986,1.455957,1.039987,2.62228,-0.06384541,-0.46871,-0.0758989,0.8777665
1714910120000,1.456774,1.040194,2.623573,-0.06583024,-0.4612994,-0.07622705,0.8815094
1714910120014,1.457581,1.040208,2.624718,-0.06717882,-0.4533704,-0.07677294,0.885465
1714910120027,1.458192,1.040126,2.625696,-0.06758302,-0.4462147,-0.07595183,0.8891323
1714910120042,1.458686,1.040004,2.626548,-0.06742091,-0.4402361,-0.07501177,0.8921995
1714910120055,1.459143,1.039947,2.627426,-0.06726358,-0.4354918,-0.07445262,0.8945833
1714910120069,1.459455,1.040083,2.628313,-0.06764057,-0.4311703,-0.07427163,0.8966609
1714910120084,1.459593,1.040177,2.62891,-0.06816962,-0.428578,-0.07523941,0.8977821
1714910120097,1.459596,1.04012,2.629602,-0.06836046,-0.4266495,-0.07649369,0.8985799
1714910120111,1.459689,1.039869,2.630276,-0.06786337,-0.4263946,-0.07782477,0.8986242
1714910120126,1.459561,1.039671,2.630992,-0.06692705,-0.4257105,-0.07851227,0.8989589
1714910120139,1.459468,1.039334,2.631672,-0.06571209,-0.4259574,-0.07870064,0.8989152
1714910120153,1.45927,1.03895,2.632283,-0.06430358,-0.4262629,-0.07864933,0.8988767
1714910120167,1.459256,1.03869,2.632947,-0.06247272,-0.426302,-0.07847797,0.8990022
1714910120181,1.459237,1.038414,2.633671,-0.06046834,-0.4255526,-0.07853447,0.8994893
1714910120195,1.459023,1.038389,2.634277,-0.05883536,-0.4245188,-0.07762767,0.9001645
1714910120209,1.458702,1.038375,2.634779,-0.05836385,-0.4240539,-0.07604256,0.9005495
1714910120223,1.458374,1.038294,2.63508,-0.05827373,-0.424509,-0.07530577,0.9004028
1714910120236,1.458261,1.038291,2.635354,-0.05826441,-0.4249347,-0.07446362,0.9002727
1714910120251,1.458291,1.038181,2.635828,-0.05858608,-0.4247546,-0.07368419,0.9004009
1714910120265,1.458255,1.038186,2.63625,-0.05887731,-0.4239275,-0.07314523,0.9008156
1714910120278,1.458055,1.038237,2.636585,-0.05889012,-0.4234109,-0.07240982,0.9011171
1714910120293,1.457957,1.038189,2.636896,-0.05942272,-0.4236134,-0.07150155,0.9010595
1714910120306,1.457876,1.038006,2.637246,-0.05996707,-0.4236267,-0.07128786,0.9010341
1714910120320,1.45771,1.038093,2.637691,-0.06034374,-0.4231097,-0.07227395,0.9011733
1714910120335,1.457631,1.03814,2.638131,-0.06127617,-0.4224944,-0.07274772,0.9013609
1714910120348,1.457453,1.037995,2.638479,-0.06209382,-0.4221767,-0.07290056,0.9014415
1714910120362,1.457082,1.037562,2.638562,-0.06130106,-0.4222222,-0.07309387,0.9014587
1714910120376,1.456709,1.037609,2.638474,-0.05927763,-0.4236934,-0.07298116,0.9009128
1714910120390,1.456325,1.037726,2.638655,-0.059645,-0.4252781,-0.07272419,0.9001623
1714910120404,1.45609,1.037779,2.638956,-0.06015864,-0.426248,-0.07344961,0.8996103
1714910120417,1.455762,1.037659,2.639231,-0.06041921,-0.4263735,-0.0742139,0.8994707
1714910120432,1.455495,1.037384,2.639338,-0.05918023,-0.4264564,-0.07407151,0.8995255
1714910120446,1.455149,1.037382,2.639327,-0.05753886,-0.4266802,-0.07347916,0.8995745
1714910120460,1.454908,1.037357,2.639322,-0.05674106,-0.4274853,-0.07333525,0.8992546
1714910120473,1.454584,1.037389,2.639453,-0.0564841,-0.4282492,-0.07425122,0.898832
1714910120488,1.454376,1.037395,2.639635,-0.05612664,-0.4286658,-0.07494239,0.8985984
1714910120502,1.45399,1.037554,2.63963,-0.05595248,-0.4287922,-0.07560311,0.8984936
1714910120515,1.453692,1.037671,2.639572,-0.05635279,-0.4296669,-0.07605901,0.8980121
1714910120529,1.453416,1.037611,2.639565,-0.05612769,-0.4306646,-0.07637794,0.8975211
1714910120543,1.453345,1.037383,2.63952,-0.05570269,-0.4314996,-0.07716066,0.8970795
1714910120557,1.453098,1.03743,2.639539,-0.05508946,-0.4315029,-0.07809584,0.8970348
1714910120571,1.453035,1.037362,2.639521,-0.05453356,-0.4312873,-0.07880433,0.8971105
1714910120585,1.453071,1.037309,2.639423,-0.05484911,-0.4310791,-0.07915264,0.8971606
1714910120599,1.453058,1.037215,2.63922,-0.05506736,-0.4314922,-0.07847624,0.8970081
1714910120613,1.453013,1.037113,2.638954,-0.05477791,-0.4318762,-0.07802538,0.8968804
1714910120627,1.452964,1.036978,2.638724,-0.05483624,-0.4320335,-0.07802643,0.8968009
1714910120640,1.452935,1.036886,2.638419,-0.0545439,-0.4318934,-0.07768195,0.8969162
1714910120654,1.452851,1.036796,2.638067,-0.05415761,-0.4321918,-0.07705386,0.89685
1714910120669,1.452499,1.036767,2.637335,-0.05321717,-0.433099,-0.07638999,0.8965254
1714910120683,1.452356,1.037164,2.636686,-0.05215468,-0.4340348,-0.07695985,0.8960864
1714910120696,1.451936,1.037142,2.636123,-0.05205545,-0.4350429,-0.07868291,0.8954535
1714910120711,1.451691,1.037187,2.635485,-0.05170282,-0.4359958,-0.07976682,0.8949143
1714910120724,1.451286,1.037282,2.634793,-0.05140709,-0.4373179,-0.08084285,0.8941895
1714910120738,1.451051,1.037562,2.633974,-0.05051202,-0.4389881,-0.08158516,0.8933542
1714910120752,1.450549,1.037605,2.633174,-0.05022827,-0.4407493,-0.0828772,0.8923836
1714910120766,1.450353,1.037668,2.63239,-0.04979018,-0.4426382,-0.08410489,0.8913578
1714910120780,1.450109,1.037837,2.631699,-0.04972436,-0.4440647,-0.08522224,0.8905455
1714910120794,1.449836,1.037949,2.631068,-0.05000332,-0.4451708,-0.08595371,0.8899071
1714910120807,1.449681,1.037929,2.630349,-0.04954216,-0.4464477,-0.08608878,0.88928
1714910120822,1.449623,1.037795,2.62982,-0.04901051,-0.4475243,-0.08626156,0.8887514
1714910120835,1.449765,1.037836,2.629354,-0.0481842,-0.4475345,-0.08702005,0.8887174
1714910120850,1.449784,1.03787,2.628981,-0.04788641,-0.4468507,-0.08760086,0.8890205
1714910120863,1.449939,1.03786,2.628519,-0.04723639,-0.4457777,-0.08714293,0.8896387
1714910120877,1.449995,1.037959,2.628031,-0.04624702,-0.4452907,-0.08632642,0.8900142
1714910120891,1.450153,1.038214,2.627438,-0.04526442,-0.4453464,-0.0848073,0.8901829
1714910120905,1.450011,1.038386,2.626853,-0.0456181,-0.4459485,-0.08362221,0.8899754
1714910120919,1.450177,1.038488,2.626068,-0.04607392,-0.4472356,-0.08280117,0.8893827
1714910120933,1.450407,1.038777,2.62526,-0.04597723,-0.4489121,-0.0823903,0.8885809
1714910120948,1.450332,1.038733,2.624411,-0.04706417,-0.4506467,-0.08206632,0.8876754
1714910120961,1.450392,1.038724,2.623269,-0.04705044,-0.4532488,-0.08098505,0.8864498
1714910120975,1.450316,1.038862,2.622069,-0.04760901,-0.4566596,-0.08007596,0.8847504
1714910120989,1.450269,1.039298,2.620946,-0.04864111,-0.4609157,-0.08015253,0.8824774
1714910121003,1.45034,1.039793,2.619928,-0.05144425,-0.4651019,-0.08122999,0.8800201
1714910121016,1.450383,1.040558,2.618979,-0.05469332,-0.4690207,-0.08334764,0.8775428
1714910121030,1.450427,1.041114,2.617944,-0.05868945,-0.4734533,-0.08662496,0.874582
1714910121045,1.45026,1.042263,2.616684,-0.06177143,-0.4791043,-0.08989069,0.8709553
1714910121058,1.450092,1.043283,2.615277,-0.06513064,-0.4856552,-0.0938678,0.8666521
1714910121072,1.449983,1.044266,2.613783,-0.0685407,-0.4934355,-0.09874921,0.8614361
1714910121086,1.44975,1.045046,2.612192,-0.07050614,-0.5013309,-0.102845,0.8562238
1714910121100,1.44942,1.045733,2.610599,-0.07120679,-0.5100169,-0.1053233,0.850717
1714910121115,1.448775,1.046632,2.608777,-0.07148821,-0.5193973,-0.1072176,0.8447605
1714910121128,1.447885,1.047428,2.606596,-0.07223903,-0.5308668,-0.1081573,0.837415
1714910121142,1.446858,1.048097,2.604008,-0.07220827,-0.5427793,-0.1080124,0.829765
1714910121156,1.445782,1.048433,2.601029,-0.07134062,-0.556285,-0.1065025,0.8210449
1714910121170,1.444466,1.048563,2.597851,-0.0698036,-0.5709751,-0.1035704,0.8114112
1714910121184,1.443118,1.048474,2.594348,-0.06761561,-0.5858095,-0.09971461,0.8014439
1714910121197,1.441669,1.048091,2.590366,-0.0638827,-0.6019499,-0.09358698,0.7904536
1714910121212,1.440015,1.047144,2.585898,-0.06003105,-0.6186674,-0.08690134,0.7785211
1714910121226,1.438201,1.045681,2.580734,-0.05368874,-0.6368688,-0.07769199,0.7651664
1714910121240,1.436586,1.043488,2.575394,-0.04596927,-0.6561345,-0.06657582,0.7502946
1714910121254,1.434793,1.041212,2.569849,-0.03723089,-0.6749033,-0.05346837,0.7350242
1714910121268,1.433154,1.038488,2.56401,-0.02896895,-0.6943783,-0.0378677,0.718029
1714910121281,1.431626,1.035789,2.557778,-0.0227368,-0.7133543,-0.02222378,0.700082
1714910121296,1.430036,1.033107,2.550912,-0.01722773,-0.7330768,-0.005613074,0.6799045
1714910121310,1.428395,1.030268,2.543717,-0.01040086,-0.7520612,0.008495786,0.6589565
1714910121324,1.426842,1.027058,2.536738,-0.001975521,-0.7695612,0.02191354,0.638194
1714910121337,1.425454,1.023307,2.530125,0.006153947,-0.7850572,0.03589375,0.6183518
1714910121352,1.424201,1.019023,2.523566,0.01415449,-0.7991893,0.05163945,0.5986898
1714910121366,1.423105,1.014292,2.516744,0.02196715,-0.8122625,0.06904398,0.5787746
1714910121379,1.422101,1.009702,2.509453,0.02915525,-0.8248391,0.0860723,0.5580163
1714910121394,1.421115,1.005301,2.502084,0.03776194,-0.8361273,0.1006062,0.5379068
1714910121407,1.41983,1.000978,2.495348,0.04573262,-0.8458318,0.1141802,0.5190761
1714910121420,1.418398,0.9964982,2.48875,0.05132454,-0.8544635,0.1272227,0.5010712
1714910121435,1.416721,0.9922707,2.482206,0.05517885,-0.8620227,0.1395824,0.4841374
1714910121449,1.41473,0.988012,2.475344,0.05763996,-0.8691628,0.1505929,0.4674993
1714910121463,1.412662,0.984523,2.468403,0.05967133,-0.8758839,0.1579107,0.4520298
1714910121476,1.410127,0.9817188,2.461499,0.06133309,-0.8820533,0.1610842,0.4384884
1714910121490,1.406999,0.9802902,2.455111,0.06339338,-0.8867736,0.1602924,0.4288592
1714910121505,1.403575,0.9783565,2.449404,0.06439642,-0.8897235,0.1590873,0.4230088
1714910121518,1.400202,0.9760851,2.443708,0.0648815,-0.8917621,0.1608864,0.417931
1714910121532,1.396779,0.9740168,2.437778,0.0636543,-0.8928766,0.1653572,0.4139766
1714910121546,1.392946,0.9724159,2.431012,0.06340582,-0.8942584,0.1694187,0.4093641
1714910121559,1.388947,0.9709206,2.424058,0.06418905,-0.8955778,0.1726138,0.4049996
1714910121575,1.385079,0.9693343,2.417072,0.06462035,-0.8964553,0.1759617,0.4015341
1714910121588,1.381327,0.9674837,2.409807,0.06400132,-0.8973505,0.1800885,0.3977863
1714910121602,1.377692,0.9657399,2.402108,0.06347437,-0.8983952,0.1849671,0.3932484
1714910121616,1.373939,0.963765,2.394006,0.06286675,-0.8997305,0.1898304,0.3879397
1714910121630,1.369907,0.9618963,2.385305,0.06273744,-0.9011477,0.1945352,0.3822995
1714910121644,1.365697,0.9599968,2.376254,0.06209237,-0.9025887,0.199337,0.3764876
1714910121658,1.361646,0.9577913,2.367307,0.06119141,-0.9041017,0.2043818,0.3702484
1714910121672,1.357723,0.955496,2.358045,0.06089857,-0.9053432,0.2105997,0.363721
1714910121686,1.353791,0.9530073,2.348435,0.0606761,-0.9065376,0.2173495,0.3567454
1714910121700,1.349847,0.9509813,2.338523,0.06023854,-0.9078459,0.2237691,0.349449
1714910121713,1.345512,0.949518,2.328158,0.06083613,-0.9088499,0.2295548,0.342922
1714910121727,1.341075,0.9483334,2.317744,0.06140007,-0.9096021,0.2354021,0.3368084
1714910121741,1.336769,0.9474439,2.307232,0.06086288,-0.910202,0.24148,0.3309311
1714910121755,1.332585,0.9473923,2.29651,0.06079778,-0.9108102,0.2476861,0.3246227
1714910121770,1.328467,0.9478037,2.285787,0.06080952,-0.9117249,0.252604,0.3181998
1714910121783,1.324777,0.9486389,2.275377,0.06157073,-0.912014,0.2585376,0.3124065
1714910121797,1.321449,0.9497733,2.265742,0.06285512,-0.9121405,0.2637323,0.3073991
1714910121811,1.318312,0.9513374,2.256307,0.06363793,-0.9121761,0.2690583,0.3024777
1714910121825,1.31589,0.9530589,2.247493,0.06443122,-0.9123263,0.2730083,0.298288
1714910121838,1.314146,0.9551403,2.23941,0.06617951,-0.9120921,0.2776058,0.2943524
1714910121853,1.312665,0.9586187,2.231477,0.06884237,-0.9109544,0.2853382,0.289836
1714910121867,1.310818,0.9627046,2.223188,0.06991876,-0.9106049,0.2908525,0.2851579
1714910121881,1.30937,0.9672995,2.215155,0.07107802,-0.9108146,0.2933075,0.2816654
1714910121894,1.308182,0.971946,2.207634,0.07195106,-0.9109567,0.2956309,0.2785379
1714910121908,1.307078,0.9771131,2.20055,0.07154687,-0.9111177,0.2986364,0.2748855
1714910121922,1.305969,0.9824561,2.193707,0.06782532,-0.9119334,0.3021973,0.269173
1714910121936,1.305293,0.9879615,2.18708,0.06554002,-0.9125995,0.3055158,0.2636793
1714910121950,1.304866,0.9938982,2.181018,0.06576529,-0.9124503,0.3094232,0.2595509
1714910121964,1.304019,1.000454,2.17518,0.06567983,-0.9119793,0.3134762,0.2563448
1714910121978,1.30303,1.007381,2.169393,0.06377147,-0.9117355,0.3161756,0.254371
1714910121992,1.302403,1.014829,2.163837,0.06096456,-0.9115212,0.3194039,0.2517809
1714910122006,1.302208,1.02234,2.158725,0.05793027,-0.9116579,0.3229888,0.2473908
1714910122020,1.302032,1.030216,2.153928,0.05616857,-0.9114359,0.3271566,0.2431013
1714910122034,1.301595,1.03872,2.149296,0.05451963,-0.9111589,0.3312109,0.2389903
1714910122047,1.301014,1.047923,2.144639,0.0524336,-0.9110048,0.334243,0.2358021
1714910122061,1.3006,1.057308,2.140182,0.05009697,-0.9113339,0.3358006,0.2328067
1714910122076,1.300263,1.066901,2.135965,0.04723169,-0.9116014,0.3374934,0.2298921
1714910122089,1.300022,1.076832,2.132123,0.04448733,-0.9117773,0.3396273,0.2265755
1714910122103,1.299849,1.08714,2.128463,0.04118022,-0.9122164,0.34137,0.2227823
1714910122117,1.299731,1.097983,2.124955,0.03813956,-0.9129827,0.342454,0.2184797
1714910122131,1.299797,1.108972,2.121809,0.03588948,-0.913691,0.343506,0.2142061
1714910122145,1.299793,1.120119,2.119308,0.0339071,-0.9142877,0.3451045,0.2093591
1714910122158,1.300098,1.131925,2.11645,0.03730415,-0.9145925,0.3454054,0.2069398
1714910122173,1.299934,1.142759,2.114109,0.0323782,-0.9155263,0.3457895,0.2029603
1714910122187,1.3001,1.15446,2.111376,0.03148049,-0.9161289,0.3453426,0.201135
1714910122201,1.300173,1.166055,2.109148,0.0306213,-0.917201,0.3437736,0.1990589
1714910122215,1.300383,1.17739,2.107377,0.02807254,-0.918118,0.3432756,0.1960437
1714910122228,1.30086,1.188386,2.10575,0.02570846,-0.9186853,0.3435571,0.1931968
1714910122243,1.301427,1.199138,2.10436,0.0233364,-0.9191766,0.3438592,0.1906063
1714910122256,1.302061,1.209746,2.103059,0.0209282,-0.9198128,0.3435768,0.188312
1714910122270,1.302807,1.220382,2.101795,0.01890702,-0.9205587,0.3427542,0.1863699
1714910122285,1.303771,1.230758,2.100651,0.01766947,-0.9210169,0.3423371,0.1849895
1714910122298,1.304772,1.240412,2.099749,0.016156,-0.9212856,0.3423114,0.1838333
1714910122313,1.305802,1.249476,2.099355,0.01484486,-0.9212599,0.3428412,0.1830836
1714910122326,1.307012,1.258344,2.099115,0.01397695,-0.9205607,0.344781,0.1830267
1714910122340,1.308097,1.267134,2.098825,0.01216657,-0.9203053,0.3454962,0.1830913
1714910122354,1.308926,1.276141,2.098172,0.009921501,-0.9203446,0.3452765,0.1834437
1714910122367,1.309823,1.284443,2.097433,0.007076083,-0.9210058,0.3429791,0.1845631
1714910122381,1.311036,1.291972,2.097003,0.004112501,-0.9214399,0.3413253,0.1855493
1714910122396,1.312508,1.299013,2.096967,0.001516224,-0.9211711,0.34136,0.1868551
1714910122410,1.31397,1.305837,2.096814,-0.0008102425,-0.9205338,0.3422113,0.1884365
1714910122424,1.315326,1.312397,2.096307,-0.003835627,-0.9199376,0.3428826,0.1900831
1714910122437,1.316487,1.318917,2.095504,-0.007547952,-0.9200134,0.3417355,0.1916644
1714910122451,1.317738,1.325104,2.094596,-0.01081018,-0.9202186,0.3400363,0.1935364
1714910122465,1.319305,1.330503,2.09401,-0.01335585,-0.920326,0.3384849,0.1955753
1714910122479,1.32103,1.335477,2.093779,-0.01552046,-0.9194925,0.3394865,0.1975896
1714910122493,1.322556,1.340158,2.093469,-0.01667974,-0.9182993,0.3409051,0.2005792
1714910122506,1.323699,1.344789,2.092836,-0.01728241,-0.9173977,0.3408469,0.2047098
1714910122520,1.324804,1.349221,2.091877,-0.01853025,-0.9170063,0.3391951,0.2090523
1714910122535,1.325971,1.353257,2.090684,-0.01935302,-0.9168229,0.3369567,0.2133574
1714910122548,1.327331,1.356783,2.089686,-0.02031545,-0.9163837,0.3356951,0.2171105
1714910122562,1.328696,1.359772,2.089127,-0.02133976,-0.9155759,0.3358017,0.2202332
1714910122576,1.329961,1.362475,2.08884,-0.0221106,-0.9137897,0.3386306,0.2232238
1714910122591,1.330914,1.365336,2.088321,-0.02282966,-0.9118702,0.3415137,0.2265833
1714910122604,1.331548,1.36822,2.087346,-0.02419247,-0.9103282,0.342965,0.2304177
1714910122619,1.332012,1.371047,2.086292,-0.02532976,-0.9091157,0.3432807,0.2345748
1714910122633,1.332457,1.373313,2.085268,-0.02593258,-0.9078001,0.3436939,0.2389582
1714910122646,1.33323,1.375695,2.084882,-0.02657865,-0.9056851,0.3461285,0.243358
1714910122660,1.333322,1.37714,2.084185,-0.02640508,-0.903667,0.3484318,0.2475562
1714910122674,1.333764,1.379414,2.083321,-0.02292959,-0.9005574,0.3519624,0.2541519
1714910122688,1.333573,1.381391,2.083071,-0.02037921,-0.8978744,0.3548355,0.259804
1714910122702,1.333455,1.383132,2.082471,-0.01805794,-0.8947695,0.3578419,0.2664781
1714910122716,1.33317,1.385141,2.081381,-0.01521164,-0.8918145,0.359806,0.2738158
1714910122729,1.332826,1.386749,2.080424,-0.01351491,-0.8895978,0.3601334,0.2806011
1714910122744,1.332535,1.388578,2.079472,-0.01088744,-0.8872239,0.3609332,0.2871282
1714910122758,1.331694,1.389858,2.079147,-0.01156388,-0.8853545,0.3614247,0.2922086
1714910122772,1.33135,1.391425,2.078202,-0.01004451,-0.8827459,0.3627315,0.2984707
1714910122786,1.331087,1.392555,2.077238,-0.007915727,-0.8806657,0.3627017,0.304652
1714910122799,1.330838,1.393928,2.076245,-0.00562544,-0.8782239,0.3635316,0.3107024
1714910122813,1.330566,1.395106,2.075058,-0.002376186,-0.8758863,0.3634979,0.3173118
1714910122828,1.330295,1.396369,2.074132,0.0005228689,-0.8737551,0.3635537,0.3230796
1714910122841,1.330085,1.397343,2.073067,0.001821141,-0.8718646,0.3631191,0.3286233
1714910122855,1.329901,1.398374,2.071634,0.002967895,-0.8705611,0.3623405,0.3329026
1714910122869,1.329826,1.399018,2.07001,0.003695018,-0.8698506,0.360669,0.3365476
1714910122883,1.32989,1.399342,2.068476,0.004303141,-0.8696393,0.3586248,0.3392598
1714910122897,1.330096,1.399283,2.067047,0.004453335,-0.8694042,0.3576783,0.3408561
1714910122911,1.330451,1.399216,2.065633,0.005871572,-0.8694812,0.3563081,0.3420709
1714910122925,1.33081,1.399117,2.064074,0.007899531,-0.8698604,0.3553459,0.3420671
1714910122938,1.33117,1.398989,2.062695,0.01094652,-0.8698148,0.3549202,0.3425407
1714910122953,1.331508,1.398592,2.061394,0.01504076,-0.8694574,0.3545455,0.3436789
1714910122966,1.331522,1.398595,2.059976,0.01862637,-0.868941,0.3543667,0.3449911
1714910122980,1.331468,1.398787,2.058626,0.0201816,-0.8686777,0.3539847,0.3459575
1714910122994,1.331176,1.398663,2.05702,0.02053281,-0.8692377,0.3521325,0.3464203
1714910123008,1.330932,1.398503,2.055382,0.02170135,-0.869791,0.349712,0.3474108
1714910123022,1.330613,1.398348,2.053759,0.02397159,-0.8701611,0.3469686,0.3490816
1714910123036,1.330215,1.398059,2.052386,0.02569595,-0.8701937,0.345208,0.3506195
1714910123050,1.329784,1.397636,2.051174,0.02717971,-0.8698209,0.3444373,0.3521872
1714910123064,1.329399,1.397092,2.05016,0.02896278,-0.8692368,0.3441672,0.3537478
1714910123077,1.329076,1.396689,2.049396,0.03045724,-0.8686661,0.3441976,0.3549924
1714910123092,1.32867,1.396361,2.048417,0.03224518,-0.8677458,0.3448235,0.3564749
1714910123106,1.328208,1.396368,2.047476,0.03506141,-0.8661774,0.3467919,0.3581102
1714910123119,1.327615,1.396617,2.046468,0.0378137,-0.8646315,0.3486799,0.3597288
1714910123133,1.32687,1.396914,2.045597,0.03905355,-0.8630288,0.3511219,0.3610674
1714910123147,1.32615,1.397508,2.044729,0.04013625,-0.8615198,0.3534859,0.3622438
1714910123161,1.325235,1.398263,2.043657,0.04131405,-0.8606322,0.354435,0.3632921
1714910123175,1.324155,1.399371,2.042187,0.04221937,-0.8603659,0.3535027,0.3647243
1714910123189,1.322864,1.400808,2.040369,0.04335045,-0.8603095,0.3519497,0.3662235
1714910123203,1.321442,1.402027,2.038499,0.04351704,-0.8608918,0.3490077,0.3676482
1714910123217,1.320024,1.403175,2.03673,0.04350366,-0.8613665,0.346837,0.3685912
1714910123231,1.318468,1.404211,2.034743,0.0432713,-0.861918,0.3451573,0.3689057
1714910123245,1.316871,1.405453,2.032548,0.04329766,-0.8626927,0.3435123,0.368627
1714910123258,1.315057,1.406331,2.029927,0.04420498,-0.8642412,0.3398524,0.3682844
1714910123273,1.313246,1.407035,2.027122,0.04714967,-0.8651603,0.3358925,0.3693923
1714910123286,1.311373,1.407626,2.024201,0.05085827,-0.8655597,0.332393,0.3711263
1714910123300,1.309334,1.408246,2.02127,0.05452426,-0.865514,0.3301905,0.3726753
1714910123314,1.307343,1.408731,2.018109,0.05746873,-0.8653375,0.3284525,0.3741755
1714910123328,1.305188,1.409155,2.014859,0.06002171,-0.8652127,0.3279147,0.374535
1714910123342,1.302928,1.409462,2.011506,0.06114612,-0.8649945,0.3284221,0.3744123
1714910123356,1.300601,1.409518,2.00816,0.06197415,-0.8648046,0.3288729,0.3743191
1714910123370,1.298224,1.409485,2.00479,0.06267168,-0.8643682,0.3300248,0.3741972
1714910123384,1.295799,1.409462,2.001275,0.06349451,-0.8638958,0.3308867,0.374388
1714910123398,1.293321,1.409441,1.997617,0.06534235,-0.8636072,0.3303739,0.3751881
1714910123411,1.290572,1.409361,1.993639,0.06778149,-0.8631715,0.3291905,0.3767947
1714910123426,1.287615,1.409028,1.989666,0.06961548,-0.8629405,0.3280624,0.3779714
1714910123440,1.284539,1.408765,1.985512,0.07129769,-0.8625785,0.3274705,0.378996
1714910123453,1.281246,1.408223,1.981287,0.07249519,-0.8625361,0.3266005,0.3796158
1714910123468,1.277744,1.407633,1.976989,0.0734462,-0.8626071,0.3255037,0.3802132
1714910123482,1.274078,1.406913,1.972401,0.07551441,-0.8627434,0.3235826,0.3811374
1714910123496,1.27028,1.406038,1.967705,0.07790186,-0.8628491,0.321974,0.3817794
1714910123509,1.266308,1.404885,1.962876,0.08032313,-0.8629764,0.3206502,0.3821041
1714910123524,1.262178,1.403361,1.957827,0.08301718,-0.8633678,0.3186257,0.3823374
1714910123537,1.257702,1.402152,1.952418,0.08638663,-0.8636064,0.3169116,0.3824767
1714910123552,1.252983,1.400922,1.94677,0.09087558,-0.8641292,0.3131071,0.3833878
1714910123565,1.247917,1.399843,1.940873,0.09603089,-0.8643453,0.3092294,0.3847888
1714910123579,1.242592,1.398237,1.934662,0.1007234,-0.8647858,0.3044898,0.3863758
1714910123593,1.236714,1.39678,1.927755,0.1041999,-0.8650626,0.3003255,0.3880898
1714910123607,1.230509,1.395446,1.920652,0.1074478,-0.865684,0.2960601,0.3890947
1714910123620,1.223606,1.393892,1.912961,0.1100511,-0.8667945,0.2907286,0.3899141
1714910123635,1.216244,1.392515,1.904749,0.112753,-0.8676382,0.2855526,0.3910888
1714910123649,1.20846,1.390631,1.896523,0.1142812,-0.8689372,0.279541,0.392103
1714910123663,1.2008,1.388342,1.888079,0.1157958,-0.8696378,0.274479,0.3936785
1714910123676,1.193293,1.385714,1.879987,0.116418,-0.8703229,0.2704211,0.3947878
1714910123691,1.185579,1.384415,1.871196,0.1182699,-0.8693038,0.2706037,0.3963545
1714910123705,1.174812,1.391856,1.858918,0.1327978,-0.8593234,0.2923259,0.3980876
1714910123718,1.166171,1.38986,1.851267,0.1314451,-0.8610972,0.2859627,0.3993235
1714910123732,1.156374,1.390475,1.84262,0.1175577,-0.8632459,0.282928,0.4011714
1714910123746,1.147461,1.392082,1.83464,0.1147622,-0.8627967,0.2759084,0.4077818
1714910123760,1.140202,1.393187,1.826645,0.1221031,-0.8590801,0.2664846,0.419593
1714910123774,1.133222,1.394084,1.820052,0.1232916,-0.8542507,0.2699393,0.4268346
1714910123788,1.126552,1.394784,1.813505,0.1214602,-0.8494954,0.2791251,0.4309224
1714910123801,1.119987,1.396105,1.805958,0.1194796,-0.8476111,0.2824392,0.4330221
1714910123816,1.113718,1.398116,1.798531,0.1206613,-0.8452601,0.2858047,0.4350769
1714910123830,1.107717,1.399733,1.791886,0.122016,-0.842647,0.2894133,0.4373765
1714910123844,1.102054,1.400736,1.785519,0.1216745,-0.8406022,0.2913576,0.4401069
1714910123858,1.09699,1.402207,1.779025,0.12098,-0.8390878,0.2932968,0.4418964
1714910123872,1.092568,1.403065,1.772877,0.1197631,-0.8387032,0.293624,0.44274
1714910123886,1.088778,1.404325,1.76718,0.1189329,-0.8381024,0.2962577,0.4423469
1714910123899,1.085493,1.405184,1.762219,0.1184545,-0.837572,0.299391,0.4413691
1714910123914,1.082411,1.406437,1.757345,0.1184805,-0.8369684,0.3023269,0.4405052
1714910123927,1.079559,1.407566,1.752888,0.11775,-0.8366737,0.3049857,0.4394268
1714910123941,1.077065,1.408979,1.748599,0.11747,-0.8362172,0.3071291,0.4388775
1714910123955,1.074637,1.410644,1.74416,0.1180104,-0.8357012,0.3076112,0.4393772
1714910123969,1.072029,1.412578,1.74001,0.1179987,-0.8357159,0.305626,0.4407357
1714910123983,1.069384,1.414385,1.736121,0.1166775,-0.8358649,0.3012596,0.4438004
1714910123997,1.067182,1.415827,1.732628,0.1149903,-0.8357762,0.2967864,0.4474072
1714910124011,1.065518,1.417071,1.729521,0.1130716,-0.8352853,0.2936743,0.4508533
1714910124025,1.064182,1.41873,1.726718,0.1129685,-0.8340328,0.2930138,0.453619
1714910124039,1.063152,1.420352,1.723979,0.1144962,-0.8317971,0.2939348,0.4567348
1714910124052,1.062125,1.421546,1.721606,0.1157767,-0.8295354,0.2940458,0.4604388
1714910124067,1.06143,1.422767,1.719354,0.117754,-0.8260415,0.2952656,0.4654112
1714910124080,1.060726,1.423925,1.717033,0.1193177,-0.8223847,0.2963064,0.4707964
1714910124094,1.059969,1.425219,1.714639,0.1196057,-0.8192293,0.296929,0.4758056
1714910124109,1.059211,1.426757,1.71197,0.1195579,-0.8158748,0.2964635,0.4818338
1714910124122,1.058712,1.428027,1.709203,0.1206021,-0.8123935,0.2946195,0.48854
1714910124136,1.058466,1.42919,1.706698,0.1221508,-0.8086046,0.2934387,0.4951076
1714910124150,1.058131,1.430074,1.704126,0.1234033,-0.8045503,0.2925158,0.5019013
1714910124164,1.05759,1.430769,1.701535,0.1238683,-0.8005517,0.2905799,0.5092515
1714910124178,1.057046,1.431405,1.698882,0.1243492,-0.7960659,0.2890312,0.5169887
1714910124192,1.056453,1.432168,1.69601,0.1258359,-0.7909678,0.2875713,0.525203
1714910124206,1.055744,1.432911,1.693154,0.1267394,-0.7856207,0.2864721,0.5335457
1714910124219,1.054601,1.433545,1.690438,0.1265833,-0.7797929,0.2837292,0.5435047
1714910124233,1.053509,1.43448,1.68776,0.1258925,-0.7732204,0.2810249,0.5543521
1714910124248,1.052502,1.435351,1.68539,0.1248568,-0.7658402,0.2788075,0.5658321
1714910124262,1.051531,1.436144,1.682865,0.1238748,-0.7580107,0.2771979,0.5772661
1714910124275,1.050666,1.436736,1.680279,0.1224757,-0.7499272,0.275728,0.588713
1714910124290,1.050109,1.437189,1.677768,0.1216393,-0.741385,0.2749518,0.5999614
1714910124303,1.049764,1.436921,1.675149,0.1210537,-0.7322336,0.2737332,0.6117599
1714910124317,1.049476,1.436789,1.672484,0.1225197,-0.7222372,0.273551,0.6233235
1714910124331,1.049455,1.436324,1.669882,0.1243639,-0.712104,0.2727196,0.6348744
1714910124345,1.049608,1.435694,1.667362,0.1274275,-0.7012507,0.272592,0.6462997
1714910124359,1.04998,1.434629,1.664804,0.1307697,-0.6901738,0.2716075,0.6578668
1714910124372,1.050525,1.433609,1.661915,0.1357756,-0.6784079,0.2696263,0.669798
1714910124387,1.051168,1.432431,1.658647,0.1407083,-0.6663615,0.2653018,0.6824797
1714910124400,1.052274,1.431293,1.655308,0.1457521,-0.6536427,0.2612353,0.6951718
1714910124415,1.054177,1.42951,1.651936,0.1509081,-0.6404392,0.2569592,0.7078393
1714910124428,1.056751,1.427752,1.648428,0.1575296,-0.6261578,0.2536315,0.7202652
1714910124443,1.059647,1.425778,1.644655,0.1642464,-0.6110017,0.2504507,0.7327855
1714910124456,1.062927,1.423906,1.640759,0.1706688,-0.5955529,0.2466338,0.7452253
1714910124470,1.066345,1.422081,1.636495,0.1761875,-0.5793147,0.2410986,0.7584352
1714910124485,1.070087,1.420015,1.632043,0.1806931,-0.5628029,0.2336863,0.7720063
1714910124497,1.073712,1.418628,1.627477,0.1877877,-0.5443953,0.2258036,0.7857369
1714910124512,1.077208,1.417953,1.622859,0.1964914,-0.5248652,0.2187696,0.7987788
1714910124526,1.080409,1.417013,1.618277,0.2026574,-0.5049006,0.2105276,0.812209
1714910124539,1.083916,1.416704,1.613562,0.209035,-0.4845517,0.2023936,0.8249551
1714910124553,1.08772,1.415367,1.608939,0.2137409,-0.4648623,0.1938734,0.8370371
1714910124568,1.091933,1.41447,1.604264,0.2199815,-0.4446697,0.1866267,0.8479667
1714910124581,1.095931,1.413627,1.599845,0.2261832,-0.424496,0.1812281,0.8577883
1714910124596,1.099454,1.414963,1.595413,0.2368183,-0.4035041,0.1797369,0.8653301
1714910124609,1.104134,1.414019,1.591186,0.2401237,-0.3872334,0.1800801,0.871758
1714910124623,1.108502,1.41414,1.587002,0.2445215,-0.3709515,0.1800346,0.8776057
1714910124637,1.113011,1.413575,1.583244,0.2468947,-0.355828,0.1775914,0.8836802
1714910124651,1.117465,1.413438,1.57995,0.2485552,-0.3414515,0.173876,0.8896057
1714910124665,1.121952,1.413838,1.577204,0.2525683,-0.3271961,0.1704544,0.8944816
1714910124679,1.126488,1.415002,1.574567,0.2605228,-0.3119938,0.1683358,0.8980261
1714910124693,1.131244,1.415844,1.572126,0.269594,-0.2974792,0.1660504,0.9006956
1714910124707,1.135659,1.417235,1.569955,0.2782042,-0.2833683,0.1624798,0.9032747
1714910124721,1.139732,1.418668,1.568445,0.2830146,-0.2702856,0.1572881,0.9067022
1714910124735,1.143989,1.420137,1.566983,0.2854331,-0.2576582,0.1507847,0.9107163
1714910124748,1.148558,1.421216,1.56553,0.2859161,-0.2457579,0.1439367,0.914952
1714910124762,1.153252,1.421952,1.563738,0.2868147,-0.2331071,0.1367018,0.9190816
1714910124776,1.158066,1.422389,1.561892,0.2888106,-0.219923,0.1296039,0.922727
1714910124790,1.163006,1.422349,1.559866,0.2909637,-0.2077994,0.1244428,0.9255666
1714910124804,1.167899,1.422553,1.557634,0.29451,-0.1957132,0.1205507,0.9275925
1714910124817,1.172706,1.423111,1.555597,0.2991494,-0.184004,0.1177299,0.9288659
1714910124832,1.177159,1.424482,1.554095,0.303291,-0.1733636,0.116438,0.9297321
1714910124846,1.181104,1.425529,1.553112,0.3022346,-0.1631947,0.1144966,0.9321547
1714910124860,1.185058,1.427003,1.55249,0.3001668,-0.1533138,0.1111814,0.9348976
1714910124874,1.188936,1.428466,1.552157,0.2972006,-0.1431096,0.1065633,0.9379956
1714910124887,1.192798,1.430096,1.551945,0.2919722,-0.1335438,0.100699,0.9416889
1714910124901,1.196733,1.431609,1.551374,0.2880364,-0.1242338,0.09612963,0.9446481
1714910124915,1.20034,1.433755,1.551399,0.2842607,-0.1157062,0.09206654,0.9472759
1714910124929,1.203772,1.43624,1.552293,0.2769646,-0.1078454,0.08753826,0.9507876
1714910124943,1.207524,1.438646,1.553117,0.2653428,-0.1001164,0.0810414,0.9555115
1714910124956,1.212029,1.440786,1.552631,0.2573157,-0.09136798,0.07593026,0.958997
1714910124970,1.21637,1.442068,1.552621,0.2526133,-0.08134574,0.07090978,0.9615307
1714910124985,1.220446,1.444047,1.552652,0.2480698,-0.07180344,0.065437,0.9638587
1714910124998,1.224361,1.446452,1.553081,0.2418519,-0.06302239,0.06048205,0.9663735
1714910125013,1.228617,1.448753,1.553228,0.2356795,-0.05403835,0.05586361,0.9687179
1714910125027,1.233277,1.450222,1.552893,0.2311065,-0.04506195,0.05277912,0.9704502
1714910125041,1.237897,1.451207,1.552282,0.2289313,-0.03624851,0.0502529,0.9714686
1714910125055,1.242357,1.451742,1.551486,0.2299665,-0.0273525,0.04800636,0.9716289
1714910125069,1.246896,1.452289,1.550537,0.2323685,-0.01916666,0.04574512,0.9713624
1714910125083,1.251283,1.452911,1.549787,0.2341193,-0.01116708,0.04427579,0.971135
1714910125096,1.255446,1.453885,1.549239,0.2350838,-0.004006388,0.04232519,0.9710449
1714910125110,1.259388,1.454854,1.548856,0.2338339,0.002905195,0.04023656,0.9714393
1714910125124,1.263484,1.456272,1.548413,0.2323849,0.008742977,0.03863864,0.9718168
1714910125138,1.26721,1.457713,1.547696,0.2309465,0.01386167,0.03751388,0.9721442
1714910125152,1.270795,1.459406,1.546774,0.22929,0.01793942,0.03563004,0.9725404
1714910125166,1.274344,1.460278,1.54588,0.2248595,0.02130632,0.03351381,0.9735816
1714910125180,1.27801,1.461648,1.545124,0.2220365,0.0248243,0.03046002,0.9742463
1714910125194,1.281816,1.46297,1.544233,0.2194277,0.02784778,0.02839294,0.9748179
1714910125208,1.285627,1.463976,1.543332,0.2156908,0.03008103,0.0278182,0.9756018
1714910125221,1.289271,1.465314,1.542337,0.2134701,0.03117959,0.02681566,0.9760837
1714910125236,1.292747,1.466403,1.541295,0.2114306,0.03189705,0.0258828,0.9765295
1714910125250,1.296211,1.467723,1.540038,0.2094089,0.03064757,0.02581992,0.9770067
1714910125263,1.299477,1.469111,1.539185,0.2067842,0.02920206,0.0252211,0.9776254
1714910125277,1.302757,1.470868,1.538476,0.2035604,0.02746935,0.0228719,0.9784096
1714910125292,1.306163,1.472561,1.537712,0.1984224,0.02596794,0.01986651,0.9795711
1714910125306,1.309386,1.474692,1.537116,0.1937578,0.02422621,0.01741195,0.9805956
1714910125319,1.31237,1.476739,1.536371,0.1886058,0.02067547,0.01622178,0.9817012
1714910125333,1.315131,1.478914,1.535737,0.1832652,0.01547033,0.0146648,0.9828324
1714910125346,1.318003,1.481074,1.535073,0.1768194,0.009962048,0.0120838,0.9841188
1714910125361,1.321055,1.483567,1.53469,0.1718,0.004810751,0.00964435,0.9850729
1714910125374,1.32425,1.485866,1.53432,0.1652139,-0.0008638168,0.007615356,0.986228
1714910125389,1.327378,1.487994,1.53391,0.1564822,-0.007027009,0.005720778,0.9876393
1714910125403,1.330351,1.490119,1.533391,0.14702,-0.01380929,0.003906304,0.9890295
1714910125416,1.333138,1.491401,1.53286,0.1363241,-0.01947012,-0.001113702,0.9904723
1714910125430,1.33593,1.492472,1.5323,0.1259627,-0.02411835,-0.007532247,0.9917132
1714910125444,1.338814,1.492886,1.531529,0.1159065,-0.02923821,-0.01277903,0.9927475
1714910125458,1.341335,1.492768,1.530295,0.1071017,-0.03576746,-0.0157337,0.99348
1714910125472,1.343444,1.492697,1.529203,0.09875642,-0.04230244,-0.01941877,0.9940225
1714910125487,1.345674,1.492086,1.527824,0.08814221,-0.04890068,-0.02516707,0.9945886
1714910125500,1.347931,1.491455,1.526486,0.07832418,-0.05494207,-0.02994923,0.9949622
1714910125514,1.349931,1.490526,1.525275,0.06727273,-0.06116923,-0.03423581,0.9952692
1714910125528,1.351645,1.490243,1.523942,0.05684393,-0.06749754,-0.03838795,0.9953589
1714910125542,1.353417,1.489979,1.522367,0.04671448,-0.0752886,-0.04059282,0.9952395
1714910125556,1.35513,1.489847,1.520406,0.03788972,-0.08456429,-0.04003761,0.9948921
1714910125570,1.356678,1.490146,1.518287,0.03070879,-0.09411567,-0.04150416,0.9942216
1714910125583,1.358236,1.490626,1.516158,0.02380112,-0.1037989,-0.04283101,0.9933906
1714910125598,1.359665,1.490842,1.513559,0.01659353,-0.1133649,-0.04385517,0.9924464
1714910125611,1.360859,1.491533,1.510877,0.00988103,-0.1233598,-0.04611989,0.9912405
1714910125626,1.36172,1.493105,1.508268,0.002393474,-0.1341867,-0.04843703,0.9897687
1714910125638,1.362786,1.495255,1.505634,-0.004486956,-0.1462361,-0.04964103,0.9879932
1714910125653,1.363823,1.497405,1.50281,-0.01057443,-0.1580537,-0.05075022,0.9860688
1714910125667,1.364712,1.500014,1.499691,-0.01539909,-0.170376,-0.05382312,0.9837876
1714910125681,1.365462,1.503199,1.496342,-0.0193922,-0.1836189,-0.05658092,0.9811762
1714910125695,1.365992,1.506199,1.492781,-0.02487192,-0.1973766,-0.06031809,0.9781542
1714910125708,1.366471,1.509378,1.488865,-0.02953156,-0.211409,-0.06514677,0.9747769
1714910125723,1.367004,1.512244,1.484925,-0.03401674,-0.2254864,-0.07045846,0.9710996
1714910125736,1.367399,1.515017,1.480706,-0.03780636,-0.2393538,-0.0760595,0.9672102
1714910125750,1.367668,1.517642,1.476382,-0.04130606,-0.253316,-0.08173444,0.9630392
1714910125765,1.367833,1.519874,1.471952,-0.04423692,-0.2674361,-0.08645239,0.9586694
1714910125778,1.367754,1.522275,1.467688,-0.04710116,-0.2811613,-0.09068693,0.9542042
1714910125793,1.367606,1.52512,1.463528,-0.05128098,-0.2941738,-0.09458637,0.9496765
1714910125806,1.367524,1.5277,1.459384,-0.05793995,-0.3055343,-0.09785742,0.9453654
1714910125820,1.367459,1.529197,1.45538,-0.06584154,-0.3147683,-0.1002685,0.9415583
1714910125834,1.367466,1.530641,1.451371,-0.07197195,-0.3233295,-0.1022192,0.9379922
1714910125848,1.367205,1.531766,1.447606,-0.0773398,-0.3298666,-0.1034428,0.9351504
1714910125862,1.36679,1.533022,1.44397,-0.08018204,-0.335094,-0.1075674,0.9325836
1714910125876,1.366263,1.534307,1.440657,-0.08285405,-0.3391548,-0.1093908,0.930668
1714910125890,1.365932,1.535794,1.437287,-0.08657964,-0.3433066,-0.1107493,0.9286437
1714910125904,1.365439,1.536818,1.434134,-0.09244958,-0.3452688,-0.1132349,0.9270493
1714910125917,1.365077,1.538428,1.430973,-0.09649444,-0.3471243,-0.1148832,0.9257405
1714910125932,1.364487,1.54012,1.427914,-0.1016691,-0.3484794,-0.1158716,0.9245535
1714910125946,1.36374,1.541338,1.424746,-0.1066424,-0.3500178,-0.1171665,0.9232481
1714910125959,1.362871,1.543058,1.421704,-0.1095204,-0.351787,-0.118091,0.9221203
1714910125973,1.362162,1.545154,1.418905,-0.1129859,-0.3535805,-0.1193311,0.9208556
1714910125987,1.361597,1.546626,1.416165,-0.1176492,-0.3540806,-0.121377,0.9198115
1714910126001,1.360839,1.547576,1.413358,-0.1212179,-0.3538295,-0.12385,0.9191148
1714910126015,1.360129,1.548447,1.410519,-0.1239594,-0.3533307,-0.1259205,0.9186596
1714910126029,1.359254,1.549334,1.407653,-0.1277067,-0.3521613,-0.1283622,0.9182574
1714910126043,1.358674,1.550611,1.405083,-0.1319501,-0.3505493,-0.1302568,0.9180074
1714910126057,1.358285,1.551938,1.402671,-0.1360429,-0.3477799,-0.1313447,0.9183083
1714910126070,1.358075,1.552706,1.40032,-0.1393505,-0.3433904,-0.1328814,0.9192426
1714910126085,1.358139,1.552854,1.39806,-0.1417639,-0.3378302,-0.1339502,0.9207774
1714910126098,1.357879,1.552861,1.396189,-0.1430021,-0.3312376,-0.1325063,0.923187
1714910126113,1.357528,1.552649,1.394163,-0.1465241,-0.3251583,-0.1308943,0.925024
1714910126127,1.357243,1.552633,1.391669,-0.1479465,-0.3199293,-0.1299584,0.9267513
1714910126140,1.356657,1.552352,1.389571,-0.1491396,-0.3152375,-0.1291105,0.9282851
1714910126154,1.356133,1.55228,1.38762,-0.1499749,-0.3107729,-0.1276505,0.9298565
1714910126168,1.355602,1.552891,1.385993,-0.1518955,-0.3065233,-0.1251436,0.931295
1714910126183,1.355082,1.553715,1.384614,-0.1558791,-0.3021183,-0.1238241,0.932252
1714910126196,1.3549,1.554143,1.383478,-0.1602854,-0.2979125,-0.1222145,0.9330704
1714910126210,1.35462,1.553673,1.382236,-0.1628643,-0.2940628,-0.1190145,0.9342579
1714910126224,1.354455,1.55318,1.380913,-0.1624378,-0.2914812,-0.1159428,0.9355266
1714910126238,1.354349,1.552926,1.379785,-0.1619071,-0.2883073,-0.1149592,0.9367228
1714910126252,1.354491,1.553046,1.378789,-0.1603353,-0.2848351,-0.114655,0.9380916
1714910126266,1.35452,1.553768,1.378178,-0.1575711,-0.2818501,-0.1129855,0.9396628
1714910126280,1.354502,1.553694,1.37753,-0.1570268,-0.2794254,-0.111186,0.9406921
1714910126294,1.354611,1.55361,1.376897,-0.1547535,-0.2772801,-0.1089847,0.9419604
1714910126307,1.355029,1.55383,1.376601,-0.1528197,-0.2746496,-0.1066478,0.9433133
1714910126322,1.355383,1.55467,1.376577,-0.1525916,-0.2711742,-0.1045801,0.9445864
1714910126336,1.355879,1.555723,1.376848,-0.1568877,-0.2678943,-0.103817,0.9449026
1714910126350,1.356715,1.556763,1.376824,-0.1581247,-0.2651237,-0.1024449,0.9456273
1714910126364,1.357071,1.556481,1.377117,-0.1592333,-0.2628046,-0.1023505,0.9460987
1714910126377,1.357488,1.556193,1.37719,-0.1560192,-0.2614058,-0.100611,0.9472077
1714910126392,1.357958,1.556562,1.377734,-0.1532085,-0.260905,-0.09769355,0.9481096
1714910126406,1.358525,1.557033,1.378297,-0.152887,-0.2596686,-0.09617688,0.9486558
1714910126419,1.359263,1.557469,1.379396,-0.1525218,-0.2587655,-0.09525197,0.9490546
1714910126434,1.36012,1.557946,1.380555,-0.1517037,-0.2571951,-0.09401045,0.9497361
1714910126447,1.361103,1.558291,1.381628,-0.1517627,-0.2552409,-0.09386971,0.9502677
1714910126461,1.362085,1.558603,1.38282,-0.1528508,-0.2536576,-0.09402779,0.9505016
1714910126475,1.362953,1.558849,1.383854,-0.1536272,-0.2525648,-0.09346572,0.9507229
1714910126489,1.364205,1.559027,1.384835,-0.1531221,-0.2524516,-0.09290585,0.9508892
1714910126503,1.365661,1.558798,1.386173,-0.1522388,-0.2507778,-0.09416735,0.9513498
1714910126517,1.367428,1.558905,1.387442,-0.1491538,-0.2488461,-0.09387099,0.9523744
1714910126531,1.36906,1.559252,1.388783,-0.1464029,-0.2466546,-0.08998094,0.9537459
1714910126544,1.370875,1.560122,1.389971,-0.1474554,-0.2451896,-0.08761705,0.9541815
1714910126559,1.372765,1.560668,1.39185,-0.1512442,-0.2434173,-0.08431109,0.95434
1714910126573,1.374878,1.560865,1.393792,-0.1545474,-0.240285,-0.08072557,0.9549145
1714910126586,1.377232,1.560712,1.395778,-0.1563301,-0.2362777,-0.07704423,0.9559278
1714910126600,1.379727,1.56047,1.398017,-0.1581365,-0.2319046,-0.07229123,0.9570722
1714910126615,1.382549,1.559294,1.399988,-0.1559173,-0.2268623,-0.06575505,0.959114
1714910126629,1.385058,1.558424,1.402671,-0.1517344,-0.2216913,-0.05863796,0.9614527
1714910126643,1.387547,1.559396,1.405129,-0.1520709,-0.2168613,-0.05335581,0.9628078
1714910126656,1.390211,1.560589,1.407755,-0.1543127,-0.2133424,-0.04989799,0.9634225
1714910126670,1.39318,1.561742,1.410482,-0.1557391,-0.210528,-0.04817784,0.9638995
1714910126683,1.396174,1.562305,1.413246,-0.1562772,-0.2067286,-0.04826186,0.9646302
1714910126697,1.399049,1.562743,1.415971,-0.1552904,-0.2029037,-0.04825224,0.9656018
1714910126712,1.401967,1.56258,1.418158,-0.1535625,-0.1999435,-0.04663641,0.9665745
1714910126726,1.404791,1.561625,1.420326,-0.1512947,-0.1979722,-0.04396005,0.9674629
1714910126739,1.407948,1.560794,1.422151,-0.1442371,-0.1968481,-0.04080947,0.9689072
1714910126753,1.410954,1.55967,1.424398,-0.1365349,-0.1952742,-0.03773942,0.9704648
1714910126767,1.414324,1.559323,1.426445,-0.128384,-0.1934861,-0.03450548,0.9720546
1714910126782,1.417097,1.558778,1.428565,-0.1248255,-0.1905511,-0.03394287,0.9731171
1714910126795,1.420051,1.55858,1.430367,-0.1173512,-0.188362,-0.03137131,0.9745585
1714910126809,1.422803,1.558529,1.43256,-0.1173172,-0.1856875,-0.02877238,0.9751559
1714910126823,1.425826,1.559254,1.434311,-0.1191386,-0.1835832,-0.0294318,0.9753138
1714910126837,1.428678,1.559429,1.436296,-0.1229008,-0.1808205,-0.03204668,0.9752806
1714910126851,1.431717,1.559482,1.437773,-0.1253364,-0.1774665,-0.03471272,0.9754955
1714910126865,1.434949,1.559404,1.439003,-0.1271571,-0.1735625,-0.03671682,0.9758889
1714910126879,1.438125,1.558991,1.439993,-0.1271659,-0.1694124,-0.03776867,0.9765766
1714910126892,1.440729,1.558593,1.440802,-0.1263322,-0.165436,-0.04095293,0.9772379
1714910126906,1.442742,1.558666,1.441534,-0.1257462,-0.1608214,-0.04657097,0.9778321
1714910126920,1.444798,1.558475,1.442294,-0.1266425,-0.1570912,-0.04882624,0.9782127
1714910126935,1.446498,1.558423,1.442857,-0.1259412,-0.1537305,-0.04760966,0.9788969
1714910126948,1.447997,1.558145,1.443523,-0.1253756,-0.1507671,-0.04647092,0.9794849
1714910126962,1.449578,1.558222,1.444119,-0.1235193,-0.1472335,-0.04363681,0.9803883
1714910126976,1.450781,1.557622,1.444783,-0.1215446,-0.1429996,-0.04062863,0.9813905
1714910126991,1.451931,1.556688,1.445269,-0.1165051,-0.1396445,-0.03693887,0.9826299
1714910127004,1.45257,1.555587,1.445904,-0.1100563,-0.1353246,-0.03371607,0.9840925
1714910127018,1.453364,1.555171,1.446259,-0.1037713,-0.1310974,-0.03124562,0.9854282
1714910127032,1.453981,1.55501,1.446316,-0.09873629,-0.1264179,-0.02964155,0.9866058
1714910127046,1.454622,1.553924,1.445946,-0.09243819,-0.1218602,-0.0290648,0.9878059
1714910127060,1.455372,1.552793,1.445362,-0.08428952,-0.1179785,-0.02446818,0.9891298
1714910127074,1.455919,1.551638,1.444846,-0.07696475,-0.115603,-0.01772302,0.9901506
1714910127087,1.456114,1.551115,1.444056,-0.06989834,-0.1131164,-0.01431039,0.9910167
1714910127102,1.456184,1.550696,1.443142,-0.06413966,-0.1106244,-0.0133075,0.9917012
1714910127115,1.456299,1.549967,1.44237,-0.05954187,-0.1071811,-0.01089375,0.9923953
1714910127129,1.456574,1.549176,1.441485,-0.05360833,-0.1033003,-0.007835164,0.9931736
1714910127143,1.456786,1.54806,1.440979,-0.04661033,-0.09858207,-0.005174316,0.9940233
1714910127157,1.457032,1.546681,1.440401,-0.03822492,-0.09381737,-0.0021908,0.994853
1714910127171,1.457089,1.545337,1.439612,-0.02705089,-0.08839699,-0.000494267,0.9957178
1714910127185,1.457036,1.543938,1.438992,-0.01624096,-0.08244719,0.0003626171,0.9964631
1714910127199,1.456633,1.542131,1.438316,-0.006383856,-0.07700185,0.002074875,0.9970083
1714910127213,1.455894,1.539142,1.437141,0.001637928,-0.07283647,0.004028128,0.9973344
1714910127227,1.455084,1.536223,1.435977,0.01272482,-0.06973939,0.007203714,0.997458
1714910127241,1.454399,1.533989,1.435047,0.0215964,-0.06761147,0.01208625,0.9974048
1714910127255,1.45369,1.533711,1.434141,0.02731,-0.06559869,0.01698998,0.9973276
1714910127268,1.453,1.533575,1.433298,0.03301137,-0.06363715,0.02031754,0.99722
1714910127282,1.452145,1.532825,1.432172,0.03947025,-0.06115549,0.02086077,0.9971294
1714910127296,1.451257,1.53147,1.43056,0.04870996,-0.05859771,0.02019007,0.9968882
1714910127310,1.450025,1.530754,1.429294,0.05693287,-0.05648411,0.01967537,0.9965847
1714910127324,1.448823,1.530254,1.428266,0.06270728,-0.05569059,0.02133303,0.9962486
1714910127338,1.447549,1.529075,1.426698,0.06950441,-0.0555404,0.0227377,0.9957748
1714910127352,1.446215,1.52696,1.425355,0.07594097,-0.05490859,0.02386466,0.9953133
1714910127366,1.445136,1.525278,1.423722,0.08269469,-0.05390035,0.02437427,0.9948177
1714910127379,1.444059,1.524002,1.422425,0.08812481,-0.05293296,0.02592789,0.994364
1714910127394,1.443059,1.522862,1.421115,0.09234019,-0.05240988,0.02728193,0.993973
1714910127408,1.442,1.521144,1.41953,0.09431802,-0.05194322,0.02809519,0.9937891
1714910127422,1.440821,1.519693,1.417722,0.100579,-0.05187582,0.02868407,0.9931616
1714910127435,1.439553,1.518415,1.416167,0.105046,-0.05242831,0.02992322,0.9926335
1714910127449,1.438497,1.518092,1.414691,0.1080002,-0.05351564,0.03014361,0.9922517
1714910127464,1.437493,1.51794,1.413027,0.1119325,-0.05337765,0.02895696,0.9918586
1714910127477,1.436637,1.517625,1.411308,0.11618,-0.0525105,0.02683666,0.991476
1714910127492,1.435725,1.517171,1.409423,0.1209734,-0.05164681,0.02512743,0.9909928
1714910127505,1.434655,1.516154,1.407512,0.1239825,-0.05048906,0.02508374,0.9906816
1714910127519,1.433738,1.51555,1.405449,0.1277721,-0.05046523,0.02636754,0.9901678
1714910127533,1.432662,1.514887,1.403438,0.1312735,-0.05083989,0.02932166,0.9896075
1714910127547,1.43154,1.513752,1.401348,0.1332989,-0.05144455,0.0304835,0.9892703
1714910127561,1.430388,1.513781,1.399312,0.1399066,-0.05141295,0.03076792,0.9883503
1714910127574,1.429411,1.512357,1.396747,0.1404094,-0.05171845,0.02975803,0.9882939
1714910127589,1.428229,1.51102,1.395292,0.1399808,-0.05188937,0.02842626,0.988385
1714910127602,1.427431,1.510812,1.393163,0.1409942,-0.05311406,0.0290542,0.9881576
1714910127616,1.426551,1.509753,1.391332,0.1399562,-0.054626,0.03088903,0.988167
1714910127630,1.425424,1.509825,1.389515,0.1422837,-0.05655088,0.03100379,0.9877227
1714910127645,1.424254,1.509239,1.38799,0.1424275,-0.05840787,0.02929593,0.987646
1714910127657,1.423362,1.508961,1.386263,0.1448947,-0.05992101,0.02727572,0.9872543
1714910127672,1.422516,1.50835,1.384654,0.1461453,-0.06065574,0.0256386,0.987069
1714910127686,1.421774,1.507863,1.38297,0.1483935,-0.0608199,0.02421498,0.9867593
1714910127700,1.420969,1.5073,1.381137,0.1496542,-0.06150922,0.02374182,0.9865376
1714910127714,1.420133,1.506838,1.37908,0.1492797,-0.06220316,0.0238734,0.9865477
1714910127728,1.419345,1.507195,1.378063,0.148,-0.06462185,0.0240947,0.9865797
1714910127741,1.419496,1.508357,1.374948,0.1420773,-0.06346322,0.02030805,0.9876103
1714910127756,1.418184,1.508154,1.374554,0.1389877,-0.0609588,0.01452265,0.9883094
1714910127769,1.417487,1.506301,1.370556,0.1405158,-0.06140393,0.01250895,0.9880933
1714910127784,1.416069,1.505559,1.368668,0.1448331,-0.06345937,0.007806818,0.9873881
1714910127797,1.415367,1.505289,1.367437,0.1407332,-0.06557994,0.002897963,0.987869
1714910127811,1.41481,1.505602,1.364264,0.1444255,-0.06724822,-0.005245355,0.987214
1714910127825,1.41404,1.506284,1.361948,0.1507703,-0.0670998,-0.01364976,0.9861945
1714910127839,1.414121,1.505374,1.360387,0.15652,-0.06707464,-0.02076039,0.9851758
1714910127853,1.414265,1.504764,1.358961,0.1574848,-0.06597329,-0.02467933,0.9850061
1714910127867,1.413441,1.504627,1.357374,0.1557713,-0.06417105,-0.03213279,0.9851826
1714910127881,1.412881,1.50469,1.356095,0.1549924,-0.06343745,-0.03572753,0.9852293
1714910127895,1.411872,1.503277,1.354957,0.1504139,-0.06273384,-0.03861138,0.985875
1714910127908,1.411771,1.505063,1.353423,0.1521475,-0.06217701,-0.0380067,0.9856676
1714910127923,1.411985,1.504633,1.35163,0.1514891,-0.06029943,-0.03642111,0.9859455
1714910127936,1.411853,1.504759,1.350604,0.154668,-0.05622865,-0.03385297,0.985784
1714910127951,1.411933,1.504406,1.349645,0.1528245,-0.0521995,-0.0329829,0.9863225
1714910127964,1.412018,1.504685,1.348564,0.1501507,-0.04704409,-0.02797242,0.987147
1714910127978,1.412429,1.505325,1.3476,0.1501151,-0.0422884,-0.02269594,0.9875029
1714910127992,1.412677,1.505409,1.346571,0.1497303,-0.03702144,-0.01949419,0.9878412
1714910128006,1.413027,1.505406,1.34543,0.1495098,-0.03189323,-0.01708784,0.988098
1714910128019,1.413362,1.505309,1.34449,0.1487886,-0.02711635,-0.01289099,0.9884132
1714910128033,1.41357,1.505084,1.343093,0.1502214,-0.0222271,-0.009647738,0.9883554
1714910128047,1.413637,1.505021,1.342013,0.1515185,-0.01693623,-0.009747096,0.9882613
1714910128062,1.413945,1.505157,1.341334,0.1519451,-0.01249715,-0.01030082,0.9882563
1714910128075,1.414191,1.505759,1.341128,0.1516976,-0.00826103,-0.009397556,0.9883478
1714910128089,1.414361,1.506254,1.341056,0.1492224,-0.00446953,-0.008707351,0.9887552
1714910128103,1.414383,1.506806,1.340563,0.1491427,-0.002747659,-0.007255939,0.9887853
1714910128117,1.414301,1.507257,1.340439,0.1476308,-0.001491327,-0.00822797,0.9890072
1714910128131,1.414232,1.507469,1.340277,0.1460225,-0.001673127,-0.008209118,0.9892459
1714910128146,1.414078,1.507646,1.340034,0.144391,-0.002534911,-0.00742776,0.9894897
1714910128159,1.41404,1.507975,1.33968,0.1442028,-0.003720561,-0.007361323,0.9895138
1714910128173,1.413694,1.508035,1.339461,0.1430786,-0.005181047,-0.007728453,0.9896677
1714910128187,1.413494,1.508457,1.339101,0.1428605,-0.007316078,-0.008252908,0.9896814
1714910128201,1.413319,1.508592,1.338837,0.1419594,-0.008338155,-0.00866279,0.9897995
1714910128214,1.413404,1.509243,1.338552,0.1418518,-0.009619731,-0.007815874,0.9898103
1714910128228,1.413668,1.509265,1.338311,0.140558,-0.009791292,-0.007443667,0.9899961
1714910128242,1.413976,1.509646,1.338279,0.1396777,-0.009391925,-0.007184696,0.9901264
1714910128256,1.414304,1.510131,1.33832,0.1385033,-0.008721249,-0.006727905,0.9903008
1714910128271,1.41461,1.510901,1.33865,0.1372209,-0.007687453,-0.006445174,0.9904897
1714910128285,1.414816,1.511155,1.338937,0.1333984,-0.006885964,-0.006287745,0.9910187
1714910128298,1.41498,1.511614,1.339047,0.1307612,-0.006270296,-0.006630237,0.9913719
1714910128312,1.415102,1.512302,1.339467,0.1271672,-0.005524623,-0.006952483,0.9918416
1714910128326,1.415103,1.513032,1.339772,0.1232646,-0.005502713,-0.005725523,0.9923421
1714910128339,1.41524,1.513597,1.340051,0.1196183,-0.005620667,-0.004660229,0.9927932
1714910128354,1.415247,1.514013,1.340459,0.1158343,-0.005269697,-0.004313387,0.9932452
1714910128368,1.415331,1.516363,1.340707,0.1172423,-0.004759608,-0.003705595,0.9930851
1714910128381,1.415159,1.515489,1.341537,0.1079986,-0.004542721,-0.00327978,0.9941353
1714910128396,1.415367,1.516196,1.341973,0.1031938,-0.005417066,-0.0006744995,0.9946463
1714910128410,1.415546,1.516853,1.342352,0.09804731,-0.00593352,0.001464179,0.995163
1714910128424,1.416012,1.517639,1.342854,0.09420176,-0.005740671,0.004158917,0.9955279
1714910128438,1.415993,1.518253,1.343217,0.09028006,-0.004586414,0.003956874,0.995898
1714910128452,1.416283,1.519028,1.343972,0.08651171,-0.004691788,0.002392862,0.9962369
1714910128466,1.416677,1.519764,1.344636,0.08303161,-0.004070703,0.003658183,0.9965319
1714910128479,1.416971,1.520562,1.345272,0.07978413,-0.003642562,0.002792775,0.9968016
1714910128493,1.417183,1.521547,1.346178,0.07512948,-0.003540264,0.002300734,0.9971648
1714910128507,1.417476,1.52244,1.346867,0.07044854,-0.003572941,0.002390835,0.9975062
1714910128521,1.417647,1.522947,1.347845,0.06519678,-0.003161388,0.001936549,0.9978656
1714910128535,1.417974,1.52369,1.348542,0.06068587,-0.003203771,0.001043611,0.9981512
1714910128549,1.418194,1.524364,1.34944,0.05709952,-0.004057482,0.0009368379,0.9983598
1714910128562,1.418347,1.525021,1.350311,0.05349879,-0.005209368,0.001019231,0.9985538
1714910128577,1.418436,1.525071,1.351024,0.05140822,-0.006926671,-0.0007950962,0.9986534
1714910128591,1.418539,1.524978,1.352101,0.04850518,-0.007473794,-0.002903855,0.9987907
1714910128605,1.418343,1.525386,1.352505,0.0483077,-0.009853669,-0.004299492,0.9987746
1714910128618,1.418139,1.526145,1.353012,0.04895428,-0.01148129,-0.005179489,0.9987216
1714910128633,1.417861,1.525944,1.35355,0.04838157,-0.01296234,-0.006300641,0.9987249
1714910128647,1.41768,1.525994,1.353907,0.04926593,-0.01445208,-0.007685173,0.9986516
1714910128661,1.41754,1.52617,1.3542,0.05003598,-0.01566844,-0.009034301,0.9985837
1714910128674,1.417439,1.526103,1.354148,0.05046549,-0.01633306,-0.01027107,0.9985394
1714910128689,1.417281,1.526144,1.354231,0.05128345,-0.01626978,-0.0112407,0.9984884
1714910128702,1.41716,1.526963,1.354591,0.05324557,-0.01641944,-0.01046205,0.9983917
1714910128716,1.41688,1.52749,1.355191,0.05405279,-0.01680774,-0.009150187,0.9983547
1714910128730,1.416464,1.528032,1.355926,0.0535088,-0.0172428,-0.008015009,0.9983863
1714910128744,1.41608,1.52884,1.35677,0.0519648,-0.01757761,-0.006992437,0.9984698
1714910128758,1.415617,1.529333,1.357535,0.05083008,-0.01778798,-0.005846518,0.9985318
1714910128771,1.415243,1.529436,1.358439,0.04905539,-0.01767593,-0.005153843,0.9986264
1714910128786,1.414897,1.529478,1.359141,0.04896623,-0.01704777,-0.005239637,0.9986412
1714910128799,1.414476,1.529646,1.360031,0.04893934,-0.01678258,-0.005236435,0.998647
1714910128814,1.414067,1.529888,1.360884,0.04901776,-0.01687914,-0.004569111,0.9986448
1714910128827,1.413723,1.530025,1.361637,0.0492553,-0.01737738,-0.004048687,0.9986268
1714910128842,1.413404,1.530089,1.362374,0.04950676,-0.01760209,-0.003722552,0.9986117
1714910128855,1.412999,1.529996,1.363072,0.0490821,-0.01785539,-0.003669516,0.9986284
1714910128869,1.412674,1.530458,1.364088,0.04996366,-0.01812675,-0.002747536,0.9985828
1714910128884,1.412289,1.530887,1.365136,0.04924873,-0.01858726,-0.002095329,0.9986114
1714910128897,1.411801,1.531151,1.366107,0.04947329,-0.01924674,-0.001241674,0.9985892
1714910128911,1.411363,1.531576,1.367255,0.04929464,-0.01963326,-0.0006202598,0.9985911
1714910128924,1.410885,1.531888,1.368401,0.04895066,-0.02007398,-0.0001904362,0.9985995
1714910128938,1.410547,1.532343,1.369664,0.04814143,-0.02038447,0.0005990296,0.9986324
1714910128953,1.41011,1.53276,1.370853,0.04690139,-0.02063936,0.001715784,0.9986848
1714910128967,1.409597,1.533077,1.371949,0.04597348,-0.0213523,0.002511303,0.9987113
1714910128980,1.40913,1.533274,1.372991,0.04517026,-0.02249889,0.003127672,0.9987211
1714910128994,1.40839,1.533864,1.373838,0.04428782,-0.0245969,0.004082871,0.9987077
1714910129008,1.40732,1.534238,1.375013,0.04517356,-0.02785753,0.004540585,0.9985803
1714910129022,1.406731,1.534651,1.376112,0.0437217,-0.0317429,0.00483269,0.9985276
1714910129035,1.405877,1.534768,1.377002,0.0417518,-0.03503618,0.005937256,0.9984959
1714910129049,1.405182,1.534864,1.377798,0.04017371,-0.03838392,0.006667694,0.9984329
1714910129063,1.404712,1.535248,1.37866,0.03875146,-0.04060685,0.0066469,0.9984013
1714910129077,1.404186,1.53569,1.379454,0.0380826,-0.04220919,0.006330818,0.9983627
1714910129090,1.403973,1.536046,1.380186,0.03787382,-0.04315107,0.006544841,0.998329
1714910129105,1.40357,1.536158,1.380963,0.03740237,-0.04369164,0.007127558,0.9983193
1714910129118,1.403217,1.536387,1.381604,0.03717459,-0.04448042,0.007207868,0.9982924
1714910129132,1.402812,1.536662,1.382337,0.03655146,-0.04488303,0.007721808,0.9982935
1714910129146,1.402536,1.536936,1.382841,0.03568418,-0.04522669,0.008875819,0.9982998
1714910129159,1.4022,1.537036,1.383318,0.03477628,-0.04538333,0.01038481,0.9983101
1714910129174,1.401857,1.53696,1.383779,0.03434854,-0.04558707,0.01114141,0.9983075
1714910129188,1.401542,1.53702,1.384196,0.03438035,-0.04574396,0.01123347,0.9982982
1714910129202,1.401165,1.536898,1.384657,0.03388888,-0.04583645,0.01131031,0.9983099
1714910129215,1.400749,1.536801,1.385018,0.03355097,-0.04636521,0.0112782,0.9982973
1714910129230,1.400383,1.536911,1.385303,0.03320165,-0.04702494,0.01149997,0.9982756
1714910129244,1.400111,1.536874,1.385379,0.03268818,-0.0477841,0.01160909,0.9982552
1714910129258,1.400024,1.536856,1.385414,0.0331273,-0.04795574,0.01194788,0.9982285
1714910129271,1.399964,1.536754,1.3858,0.03438823,-0.04788352,0.01268721,0.9981802
1714910129286,1.399881,1.536703,1.386106,0.03602015,-0.04757867,0.0130104,0.9981331
1714910129299,1.399752,1.536404,1.38662,0.03669362,-0.0471456,0.01387214,0.9981175
1714910129313,1.399789,1.535892,1.386809,0.03754583,-0.04710198,0.01393713,0.9980869
1714910129327,1.39996,1.535732,1.387395,0.03945505,-0.04609444,0.0135873,0.9980651
1714910129341,1.400053,1.535055,1.38793,0.04118005,-0.04449423,0.01361907,0.9980676
1714910129354,1.400377,1.534457,1.388227,0.04605508,-0.04373827,0.01399381,0.9978828
1714910129369,1.400625,1.533161,1.388451,0.0502953,-0.04236285,0.01532817,0.9977179
1714910129383,1.400796,1.532083,1.388806,0.05645447,-0.04091233,0.01456153,0.9974603
1714910129397,1.401216,1.531115,1.389143,0.06266091,-0.03908359,0.01495479,0.9971572
1714910129411,1.401174,1.529574,1.389802,0.06801879,-0.03850188,0.01634969,0.9968067
1714910129425,1.400604,1.527893,1.390471,0.07092585,-0.03857854,0.01673024,0.9965948
1714910129439,1.400383,1.527064,1.390667,0.07513676,-0.03862071,0.01631702,0.9962915
1714910129452,1.400386,1.526488,1.391316,0.08037683,-0.03860049,0.01650664,0.9958801
1714910129466,1.400517,1.526096,1.392122,0.08372708,-0.03856714,0.01733749,0.9955912
1714910129480,1.399959,1.526625,1.393158,0.08519113,-0.03757266,0.01527116,0.9955388
1714910129494,1.399016,1.52516,1.394378,0.08287531,-0.03869275,0.01311301,0.9957222
1714910129508,1.399254,1.526187,1.394474,0.08553309,-0.0394757,0.01299596,0.9954681
1714910129522,1.398871,1.52522,1.395453,0.08493879,-0.03912896,0.01469305,0.9955091
1714910129536,1.398536,1.524708,1.395749,0.08695703,-0.03943191,0.01571025,0.9953074
1714910129550,1.398363,1.524228,1.39625,0.08842365,-0.03985252,0.01647435,0.9951491
1714910129564,1.398102,1.52385,1.396773,0.09001783,-0.04006227,0.0169482,0.9949898
1714910129578,1.397786,1.523834,1.397435,0.09074331,-0.0404711,0.01736352,0.9949002
1714910129591,1.397674,1.52374,1.397999,0.09104543,-0.04112671,0.01819901,0.9948307
1714910129606,1.397558,1.523535,1.398662,0.09096888,-0.04154585,0.01811724,0.9948218
1714910129620,1.3974,1.523148,1.399345,0.09121846,-0.04169473,0.01701957,0.9948121
1714910129633,1.397183,1.522558,1.399834,0.0924526,-0.04176696,0.01580898,0.9947151
1714910129647,1.396944,1.521764,1.400467,0.09480734,-0.04193379,0.01454387,0.9945057
1714910129662,1.396883,1.521085,1.400857,0.09795382,-0.04198885,0.01463646,0.9941971
1714910129676,1.396592,1.520329,1.401298,0.1005982,-0.04257427,0.01513852,0.9939005
1714910129689,1.396189,1.519574,1.401736,0.1036436,-0.04389824,0.01516128,0.9935296
1714910129703,1.395725,1.518888,1.40238,0.1061,-0.04547177,0.01398036,0.9932168
1714910129717,1.395397,1.517839,1.402634,0.1067872,-0.04664666,0.01283648,0.9931042
1714910129731,1.394842,1.516873,1.402894,0.1087813,-0.04696369,0.01086957,0.9928962
1714910129745,1.394431,1.517092,1.403435,0.1133227,-0.04844401,0.01096713,0.9923159
1714910129758,1.394417,1.517277,1.404417,0.1150628,-0.04866523,0.01285719,0.9920821
1714910129773,1.393985,1.517205,1.405515,0.1148535,-0.0487831,0.01340103,0.9920934
1714910129787,1.393813,1.516889,1.406138,0.1149592,-0.04981795,0.01425359,0.9920179
1714910129801,1.393873,1.516386,1.406546,0.1166286,-0.05021374,0.01518371,0.9917892
1714910129815,1.393785,1.515906,1.406824,0.119242,-0.04986257,0.01584161,0.9914858
1714910129828,1.393675,1.515312,1.406836,0.1226714,-0.04964007,0.01646201,0.9910684
1714910129843,1.393716,1.514945,1.407185,0.1243547,-0.04931706,0.0166814,0.9908711
1714910129856,1.393557,1.514844,1.4075,0.1256045,-0.04904268,0.01604073,0.9907377
1714910129871,1.393535,1.514355,1.40774,0.1267956,-0.04934902,0.01626666,0.990567
1714910129884,1.393628,1.514051,1.407949,0.1279453,-0.04936523,0.01622685,0.990419
1714910129898,1.393553,1.513816,1.408195,0.1290419,-0.049004,0.01587974,0.9903003
1714910129913,1.393496,1.513415,1.408698,0.1287244,-0.04842333,0.0153198,0.990379
1714910129926,1.393476,1.513482,1.408856,0.1294972,-0.0483096,0.01561636,0.9902792
1714910129940,1.393105,1.513131,1.409377,0.1297788,-0.04845892,0.01452062,0.9902517
1714910129954,1.393253,1.51292,1.409599,0.129683,-0.0489589,0.01578138,0.9902203
1714910129967,1.393155,1.512759,1.409521,0.1318328,-0.04908144,0.01611623,0.989925
1714910129982,1.393119,1.512661,1.409657,0.133311,-0.04903486,0.01574213,0.9897353
1714910129995,1.393156,1.512525,1.409796,0.1344494,-0.04927884,0.01580239,0.9895682
1714910130010,1.393088,1.512261,1.410014,0.1349986,-0.04956686,0.01577013,0.9894796
1714910130024,1.393157,1.512084,1.41005,0.135686,-0.04981073,0.01540886,0.989379
1714910130038,1.39329,1.511832,1.409992,0.1359811,-0.05002271,0.01482432,0.9893367
1714910130052,1.393385,1.511669,1.409899,0.135784,-0.05035757,0.01384047,0.989361
1714910130066,1.393431,1.511579,1.409798,0.1351966,-0.05129157,0.01271261,0.9894087
1714910130079,1.393413,1.511548,1.409627,0.1346957,-0.05293719,0.01053734,0.9894159
1714910130094,1.39337,1.511629,1.409448,0.1339233,-0.05538486,0.00864935,0.989405
1714910130107,1.393273,1.511634,1.409165,0.1334939,-0.05828501,0.006342642,0.9893139
1714910130122,1.39309,1.51165,1.408814,0.1338342,-0.06136123,0.003058939,0.9890975
1714910130135,1.392833,1.51176,1.408514,0.1337807,-0.06417545,0.0009236047,0.9889305
1714910130149,1.392644,1.511957,1.408276,0.1334015,-0.06643607,-0.00101396,0.9888323
1714910130163,1.392512,1.512167,1.408103,0.1325428,-0.06818762,-0.002648515,0.9888255
1714910130176,1.392554,1.512385,1.408008,0.1315417,-0.06903093,-0.003483232,0.988898
1714910130191,1.392631,1.512481,1.407885,0.1319636,-0.07004485,-0.00465775,0.9887657
1714910130204,1.392758,1.512547,1.407712,0.1321925,-0.07081921,-0.004908507,0.9886788
1714910130218,1.392892,1.512573,1.407466,0.1321386,-0.07139585,-0.004890036,0.9886446
1714910130232,1.393,1.512526,1.407167,0.1327921,-0.07166373,-0.005204823,0.9885361
1714910130247,1.393164,1.512409,1.406822,0.133074,-0.07159513,-0.00529825,0.9885026
1714910130260,1.393466,1.512004,1.406347,0.1340832,-0.0713539,-0.00513129,0.9883845
1714910130274,1.393658,1.512048,1.406098,0.1346429,-0.07082187,-0.005161548,0.9883466
1714910130288,1.393871,1.51184,1.405855,0.1343942,-0.06975322,-0.004880022,0.9884579
1714910130302,1.393897,1.511823,1.405607,0.1346114,-0.06884857,-0.005031075,0.9884909
1714910130316,1.394023,1.511925,1.40536,0.1349016,-0.06856203,-0.005257995,0.9884702
1714910130330,1.39406,1.511922,1.405195,0.1346277,-0.06823985,-0.005071082,0.9885307
1714910130343,1.394009,1.511708,1.404849,0.1346104,-0.06854069,-0.005610271,0.9885094
1714910130357,1.394184,1.511651,1.404528,0.1347688,-0.06895187,-0.006306298,0.988455
1714910130371,1.394091,1.511842,1.404407,0.1340559,-0.06941981,-0.007788172,0.9885086
1714910130386,1.394031,1.511875,1.404124,0.1339763,-0.07047687,-0.006289981,0.9884553
1714910130400,1.393877,1.511794,1.403765,0.1345634,-0.07167591,-0.00680522,0.9882859
1714910130413,1.393532,1.51172,1.403278,0.1352636,-0.07291561,-0.007107525,0.9880974
1714910130427,1.393496,1.511584,1.402915,0.136058,-0.07415009,-0.006948889,0.9878976
1714910130441,1.393327,1.511486,1.402945,0.1354945,-0.07471277,-0.007824381,0.9879261
1714910130454,1.393276,1.511633,1.402671,0.1354636,-0.07564782,-0.008410566,0.9878544
1714910130468,1.393363,1.511765,1.402298,0.1353464,-0.07625429,-0.007297387,0.9878327
1714910130483,1.393346,1.512456,1.402027,0.1345237,-0.07728907,-0.007942161,0.9878597
1714910130498,1.393237,1.512234,1.401739,0.1338895,-0.07760502,-0.007769657,0.9879224
1714910130513,1.393171,1.512198,1.401399,0.1335178,-0.07826075,-0.008092573,0.9879184
1714910130526,1.393154,1.512165,1.401013,0.1334628,-0.07827156,-0.008622893,0.9879205
1714910130539,1.393071,1.512296,1.400784,0.1330016,-0.07816882,-0.0092675,0.987985
1714910130554,1.393194,1.512571,1.400437,0.1335124,-0.07799346,-0.008342647,0.9879382
1714910130568,1.393234,1.51283,1.40035,0.1321118,-0.07733826,-0.008641601,0.9881754
1714910130581,1.393327,1.512946,1.400103,0.1314181,-0.07694871,-0.008237354,0.9883018
1714910130595,1.393495,1.512948,1.399894,0.1306444,-0.07627038,-0.007821832,0.9884603
1714910130609,1.39351,1.513115,1.399634,0.1301192,-0.07537501,-0.008164853,0.9885955
1714910130623,1.393604,1.513161,1.399401,0.1292222,-0.07478487,-0.008100046,0.9887584
1714910130636,1.393618,1.513248,1.39915,0.1287369,-0.07435602,-0.008091835,0.9888542
1714910130650,1.3937,1.51338,1.398899,0.1280896,-0.07390556,-0.008261474,0.9889706
1714910130664,1.393724,1.513295,1.398674,0.1275612,-0.07299449,-0.008390886,0.9891054
1714910130677,1.393793,1.513207,1.398466,0.1273503,-0.07244436,-0.007615183,0.9891793
1714910130692,1.393931,1.513126,1.398306,0.1274286,-0.07204995,-0.006810651,0.9892039
1714910130706,1.394135,1.513036,1.398149,0.1279073,-0.07158916,-0.006121031,0.9891801
1714910130719,1.394413,1.512896,1.398018,0.1284542,-0.07067743,-0.005790569,0.9891768
1714910130733,1.394813,1.51267,1.397941,0.1291538,-0.06911037,-0.006330761,0.9891931
1714910130747,1.395563,1.512197,1.398055,0.1299092,-0.06729191,-0.006734767,0.9892169
1714910130761,1.396043,1.51135,1.397744,0.1306558,-0.06572612,-0.007224368,0.9892204
1714910130774,1.396384,1.511574,1.397858,0.1320025,-0.06412172,-0.007715011,0.9891432
1714910130789,1.3968,1.511047,1.397951,0.1330251,-0.06280245,-0.007962269,0.989089
1714910130803,1.397234,1.510214,1.397802,0.1345114,-0.06121038,-0.008274594,0.9889851
1714910130816,1.397631,1.510336,1.398025,0.136355,-0.05963535,-0.008776289,0.9888245
1714910130831,1.398124,1.50961,1.398238,0.1376804,-0.05792309,-0.008768747,0.9887427
1714910130845,1.398508,1.508896,1.398377,0.1393047,-0.05573789,-0.009565783,0.9886334
1714910130859,1.398988,1.50828,1.398683,0.141306,-0.05350615,-0.01013434,0.988467
1714910130872,1.399454,1.507515,1.398991,0.1440379,-0.0508939,-0.01066528,0.988205
1714910130886,1.400077,1.506979,1.399305,0.146593,-0.04830921,-0.01072826,0.9879583
1714910130900,1.005128,1.574037,0.9305711,0.1476946,0.01248166,-0.01941798,0.9887637
1714910130914,1.005677,1.573598,0.9311205,0.1499294,0.01549983,-0.02025414,0.9883677
1714910130928,1.006397,1.572961,0.9316341,0.1518405,0.01853796,-0.02074987,0.9880133
1714910130942,1.007055,1.57219,0.9320826,0.1537022,0.02192072,-0.02149507,0.9876402
1714910130956,1.00776,1.571408,0.9324863,0.1550616,0.02578182,-0.0231035,0.9872981
1714910130970,1.008267,1.571106,0.9333363,0.1555185,0.02996362,-0.02444468,0.9870758
1714910130984,1.008964,1.570997,0.9339836,0.1560612,0.03291178,-0.02496929,0.9868831
1714910130998,1.009684,1.571309,0.9348518,0.1564171,0.03536677,-0.02535536,0.9867319
1714910131012,1.010087,1.570978,0.9357186,0.1551219,0.03763034,-0.02513605,0.9868584
1714910131026,1.010346,1.570944,0.9361616,0.1561289,0.03881985,-0.025575,0.9866421
1714910131039,1.01054,1.570739,0.9365869,0.1580436,0.04015855,-0.02613234,0.9862691
1714910131053,1.010717,1.570098,0.9372407,0.1592229,0.04082128,-0.02672046,0.9860364
1714910131067,1.010964,1.569939,0.9377539,0.1609778,0.04155807,-0.02764182,0.9856952
1714910131081,1.011386,1.569422,0.9383103,0.1617296,0.04307661,-0.0284833,0.9854829
1714910131095,1.012084,1.569115,0.9386287,0.1631622,0.04586679,-0.02962497,0.9850872
1714910131109,1.012785,1.568751,0.939154,0.1651912,0.04980534,-0.03032961,0.9845362
1714910131123,1.013457,1.568281,0.9396863,0.1665532,0.05381233,-0.03187761,0.9840468
1714910131136,1.014198,1.568462,0.9403657,0.1682677,0.05792534,-0.03357884,0.9834648
1714910131151,1.015264,1.568143,0.9409409,0.1702071,0.06303807,-0.03472973,0.9827765
1714910131164,1.016308,1.567694,0.9414548,0.171778,0.0693742,-0.03665576,0.9820061
1714910131178,1.01744,1.567202,0.941857,0.1728229,0.07563384,-0.03742151,0.9813315
1714910131192,1.018489,1.566989,0.9422426,0.1756173,0.08190206,-0.03727982,0.9803371
1714910131206,1.01976,1.566423,0.9425553,0.1782993,0.08912727,-0.0382329,0.9791853
1714910131220,1.021349,1.566206,0.9430432,0.1800357,0.09729645,-0.04054433,0.9779963
1714910131234,1.023422,1.566492,0.943657,0.180677,0.106385,-0.04231613,0.9768559
1714910131248,1.02533,1.566614,0.9442714,0.18039,0.1167737,-0.0436679,0.9756621
1714910131262,1.027387,1.566714,0.9446762,0.1801329,0.1279169,-0.04485376,0.9742575
1714910131276,1.029528,1.566661,0.9448557,0.1803612,0.1399906,-0.04614036,0.9724935
1714910131289,1.031907,1.566419,0.9450135,0.180123,0.1541199,-0.04643815,0.9703846
1714910131304,1.03476,1.566427,0.9451412,0.1796548,0.1697032,-0.04542065,0.9679163
1714910131317,1.037687,1.566262,0.945118,0.1791104,0.1869095,-0.04428985,0.9648952
1714910131331,1.040862,1.566308,0.9446046,0.1782949,0.2065552,-0.04389044,0.9610513
1714910131346,1.044194,1.566489,0.9438885,0.1767632,0.2278712,-0.04355068,0.9565212
1714910131360,1.047671,1.566906,0.942918,0.1720805,0.2501584,-0.04241874,0.9518455
1714910131373,1.050466,1.566208,0.9415216,0.172694,0.271061,-0.03903193,0.9461391
1714910131387,1.053701,1.567357,0.9403853,0.1732964,0.2915595,-0.03773289,0.9399669
1714910131401,1.056668,1.566989,0.9390624,0.1679127,0.3121874,-0.03734173,0.9343179
1714910131415,1.059947,1.568051,0.9366212,0.1663512,0.3323809,-0.03446398,0.927719
1714910131429,1.062895,1.569179,0.9343746,0.1652778,0.3530585,-0.03265584,0.9203079
1714910131443,1.066041,1.570613,0.9322009,0.1619622,0.3723046,-0.03187042,0.9133137
1714910131457,1.068614,1.571596,0.930187,0.156547,0.3910622,-0.02991129,0.9064595
1714910131471,1.071232,1.573307,0.9278796,0.1588686,0.4069605,-0.02917078,0.8990512
1714910131485,1.073196,1.574076,0.9253467,0.1524752,0.4220372,-0.0301619,0.8931552
1714910131499,1.075887,1.574874,0.9230472,0.1460505,0.4372035,-0.0285996,0.8869635
1714910131514,1.078044,1.576101,0.9207426,0.1406207,0.4511663,-0.0270436,0.8808765
1714910131527,1.079589,1.577875,0.9181933,0.1374147,0.4638773,-0.02562265,0.874802
1714910131541,1.0813,1.578286,0.9160068,0.1320095,0.4747802,-0.0246475,0.8697987
1714910131555,1.082676,1.579424,0.9138404,0.1284151,0.4849334,-0.02490502,0.8647133
1714910131570,1.083926,1.580428,0.9118561,0.125837,0.4936928,-0.0252713,0.8601127
1714910131583,1.085581,1.580893,0.9097314,0.1218921,0.5016705,-0.0237608,0.8560984
1714910131597,1.086706,1.581857,0.9075727,0.1201719,0.5086276,-0.02353593,0.852234
1714910131612,1.088012,1.582249,0.905765,0.1173951,0.5148498,-0.02427273,0.8488575
1714910131625,1.089268,1.582809,0.9037106,0.1156929,0.5199572,-0.0249832,0.8459525
1714910131639,1.090513,1.583306,0.9019169,0.1136275,0.5247459,-0.02593929,0.8432424
1714910131653,1.091504,1.583831,0.9000483,0.1111738,0.5288324,-0.02748811,0.8409644
1714910131667,1.092499,1.584498,0.8983278,0.1092421,0.5332009,-0.028739,0.8384134
1714910131681,1.09343,1.585044,0.8966353,0.1074025,0.5370214,-0.02956671,0.8361809
1714910131695,1.094392,1.585516,0.89504,0.1051723,0.5402433,-0.03055324,0.8343515
1714910131709,1.095331,1.586111,0.8934254,0.1029645,0.5430108,-0.03142906,0.8327965
1714910131723,1.096195,1.586601,0.8918312,0.1004527,0.5457132,-0.03219807,0.831306
1714910131737,1.09697,1.587089,0.8902937,0.0983725,0.5483027,-0.0336784,0.8297908
1714910131751,1.097748,1.587555,0.888795,0.09623945,0.5508823,-0.03491936,0.8282797
1714910131765,1.098608,1.588089,0.8873959,0.09439637,0.5529092,-0.03535249,0.8271221
1714910131779,1.09938,1.58876,0.8861071,0.09280667,0.5542957,-0.03550539,0.8263671
1714910131792,1.100105,1.589326,0.8848996,0.09085169,0.5554913,-0.03566916,0.8257743
1714910131806,1.100846,1.589964,0.883709,0.08894754,0.5563027,-0.03606285,0.8254181
1714910131820,1.101637,1.590688,0.8826897,0.08644957,0.5571924,-0.03661679,0.8250589
1714910131834,1.10242,1.591313,0.8817567,0.08415152,0.5579406,-0.0372255,0.8247637
1714910131849,1.103278,1.591978,0.8810607,0.08130452,0.5582836,-0.03794757,0.8247842
1714910131863,1.104122,1.592641,0.8804154,0.07882673,0.5579486,-0.03781131,0.8252575
1714910131876,1.104894,1.593184,0.8797656,0.07641473,0.557265,-0.03766393,0.8259528
1714910131890,1.105648,1.593751,0.8792351,0.07378364,0.5567331,-0.03838607,0.8265172
1714910131904,1.10648,1.594271,0.8787485,0.07147988,0.5561996,-0.03938311,0.8270319
1714910131917,1.107383,1.594753,0.8783844,0.06909319,0.5558403,-0.04000906,0.8274462
1714910131932,1.108196,1.595175,0.8780619,0.06722999,0.5551571,-0.04031806,0.828043
1714910131946,1.108982,1.595652,0.8777754,0.06568646,0.5541873,-0.04080893,0.8287921
1714910131960,1.109721,1.596048,0.877565,0.06407629,0.5532141,-0.04134889,0.8295412
1714910131973,1.110573,1.596392,0.8773693,0.06258218,0.5520936,-0.04179895,0.8303788
1714910131988,1.111468,1.596858,0.87722,0.06103482,0.5512828,-0.0425632,0.8309937
1714910132002,1.112475,1.597353,0.8771356,0.0593672,0.5505829,-0.04319072,0.8315459
1714910132016,1.113412,1.597715,0.8771317,0.05789634,0.5497317,-0.04334805,0.8322043
1714910132029,1.114361,1.597991,0.877149,0.05664359,0.54851,-0.04360762,0.8330826
1714910132044,1.115236,1.598171,0.8772047,0.05571152,0.5471282,-0.04407644,0.8340289
1714910132058,1.11605,1.59843,0.8771123,0.05522869,0.5458312,-0.04461584,0.8348817
1714910132072,1.116958,1.598727,0.8770568,0.05441158,0.5448969,-0.04551703,0.8354968
1714910132086,1.11789,1.599156,0.8770078,0.05336662,0.5441361,-0.04678424,0.83599
1714910132099,1.118888,1.599274,0.8770736,0.05222398,0.5435869,-0.04749942,0.836379
1714910132114,1.119834,1.599327,0.8771076,0.05135947,0.5427926,-0.04833964,0.8369001
1714910132127,1.120796,1.599445,0.8771988,0.05062753,0.5417978,-0.04932729,0.8375314
1714910132141,1.121755,1.599584,0.8772229,0.05036591,0.5406233,-0.05013121,0.8382581
1714910132155,1.122767,1.599764,0.8773175,0.05031643,0.539427,-0.05127403,0.8389623
1714910132169,1.123814,1.5998,0.8774463,0.05049406,0.5381261,-0.05190506,0.8397479
1714910132183,1.124813,1.599655,0.8775471,0.05102599,0.5365187,-0.05229373,0.8407196
1714910132197,1.12577,1.599415,0.8777942,0.05141281,0.5348943,-0.05314162,0.8416773
1714910132211,1.12684,1.599234,0.8781216,0.05215738,0.5330571,-0.05444385,0.8427132
1714910132225,1.127946,1.598999,0.8784876,0.053345,0.5310918,-0.05548657,0.843811
1714910132238,1.129157,1.598611,0.8789691,0.05406454,0.5291733,-0.05659733,0.8448961
1714910132252,1.13034,1.598115,0.8794923,0.05575246,0.527009,-0.05757851,0.8460721
1714910132266,1.131508,1.597332,0.8801075,0.05748097,0.5249069,-0.05857362,0.8471941
1714910132280,1.132667,1.596649,0.8807766,0.05972899,0.5228673,-0.06034465,0.848175
1714910132294,1.133868,1.595955,0.8816193,0.06140881,0.5211021,-0.06188846,0.8490297
1714910132308,1.135064,1.595301,0.8823721,0.06288529,0.5192206,-0.06349946,0.8499548
1714910132322,1.136246,1.594968,0.8831716,0.06468223,0.5176644,-0.06479856,0.8506709
1714910132336,1.137486,1.594495,0.8839953,0.06629607,0.5158415,-0.06506819,0.8516329
1714910132350,1.13861,1.593935,0.8848757,0.06750109,0.5141835,-0.06551916,0.8525058
1714910132363,1.139615,1.593346,0.8857982,0.06962621,0.5123447,-0.06631225,0.8533803
1714910132377,1.140553,1.592613,0.8867547,0.07252465,0.5102147,-0.06676856,0.8543788
1714910132391,1.141364,1.591757,0.8878275,0.07568133,0.507464,-0.06781375,0.85566
1714910132406,1.142065,1.590734,0.8889212,0.07936998,0.504457,-0.06968395,0.8569525
1714910132419,1.142624,1.589161,0.8902287,0.084279,0.5007431,-0.07254528,0.8584233
1714910132433,1.143057,1.587262,0.8916634,0.09111486,0.4964704,-0.07644615,0.859867
1714910132447,1.143444,1.584861,0.8931869,0.1001186,0.4909174,-0.08027302,0.8617034
1714910132461,1.143806,1.582371,0.8948836,0.1088829,0.4850981,-0.08257396,0.8637164
1714910132475,1.144051,1.580069,0.8965832,0.1192231,0.4788375,-0.08500703,0.8656063
1714910132489,1.144166,1.576989,0.8984952,0.130466,0.4726539,-0.08818292,0.8670644
1714910132503,1.144246,1.573201,0.9007347,0.1439049,0.4658723,-0.09143314,0.8682709
1714910132517,1.144129,1.569084,0.9032143,0.1583299,0.4583677,-0.09482988,0.8693895
1714910132531,1.143787,1.564744,0.9055085,0.1741711,0.4502881,-0.09929309,0.8700839
1714910132545,1.143228,1.55972,0.9078019,0.1923568,0.4418011,-0.1043549,0.8700119
1714910132559,1.142785,1.554428,0.9099701,0.2125316,0.4323328,-0.1094694,0.8694453
1714910132573,1.141954,1.54826,0.9123798,0.2345951,0.4222657,-0.114166,0.8681146
1714910132586,1.141554,1.541776,0.9150959,0.2554476,0.4109365,-0.1162349,0.867391
1714910132600,1.141237,1.536869,0.9177896,0.2748855,0.3999731,-0.1176433,0.866383
1714910132614,1.14102,1.532032,0.9205527,0.2911468,0.3911256,-0.1199618,0.864791
1714910132628,1.140732,1.527108,0.9230528,0.305447,0.3841875,-0.1225262,0.8626062
1714910132642,1.140727,1.522961,0.9256665,0.3180751,0.3776672,-0.122888,0.8608683
1714910132656,1.141227,1.519808,0.928624,0.3271003,0.372045,-0.1216643,0.860108
1714910132669,1.141849,1.517119,0.9315264,0.3319303,0.3681619,-0.1201718,0.8601382
1714910132683,1.142573,1.515182,0.9344137,0.3350719,0.3664061,-0.1184481,0.859909
1714910132697,1.142635,1.512975,0.9366325,0.3397172,0.3639282,-0.1159288,0.8594818
1714910132711,1.142451,1.511309,0.9385521,0.3439462,0.3617694,-0.1131663,0.8590793
1714910132725,1.142334,1.510088,0.9407518,0.3475375,0.3605921,-0.110588,0.8584645
1714910132738,1.142551,1.509132,0.942889,0.3503646,0.3596617,-0.1072937,0.8581237
1714910132754,1.142984,1.508733,0.9452068,0.3520499,0.3600491,-0.1033981,0.8577496
1714910132767,1.143309,1.508474,0.9472582,0.3524434,0.3610789,-0.09859469,0.8577207
1714910132781,1.14344,1.508329,0.9491631,0.3529006,0.3617068,-0.09373573,0.8578129
1714910132794,1.143482,1.508303,0.9512557,0.3528766,0.3628131,-0.08932975,0.8578258
1714910132809,1.143386,1.508191,0.9532596,0.351377,0.3642159,-0.08579265,0.8582078
1714910132822,1.143216,1.508179,0.9551808,0.3500929,0.3653578,-0.08209916,0.8586084
1714910132836,1.142887,1.508053,0.9569745,0.348327,0.3666284,-0.07840877,0.8591298
1714910132851,1.142422,1.508126,0.9586341,0.3477106,0.3674604,-0.075136,0.8593165
1714910132865,1.141812,1.508026,0.9602407,0.3473399,0.368032,-0.07189345,0.8594992
1714910132879,1.141202,1.507939,0.9618485,0.347045,0.3682001,-0.06870805,0.8598068
1714910132892,1.140613,1.507951,0.9634739,0.3462798,0.3685293,-0.06561062,0.8602161
1714910132906,1.139986,1.507874,0.9650329,0.3453206,0.369278,-0.06204193,0.8605453
1714910132920,1.139328,1.507844,0.9663262,0.3447444,0.3700141,-0.05843769,0.8607124
1714910132934,1.138323,1.507653,0.9675648,0.3451782,0.3706806,-0.05498498,0.8604793
1714910132949,1.137247,1.507248,0.9687456,0.3461211,0.3706085,-0.05154794,0.8603444
1714910132962,1.136004,1.507031,0.9699957,0.3474953,0.3702342,-0.04877469,0.8601132
1714910132976,1.134891,1.506815,0.9711497,0.3478492,0.3701539,-0.04623434,0.860145
1714910132989,1.133706,1.506549,0.9723052,0.3477281,0.3707573,-0.04436164,0.8600327
1714910133003,1.132435,1.506491,0.9733241,0.3474367,0.3713271,-0.04231171,0.8600079
1714910133018,1.131145,1.506756,0.9743271,0.3476925,0.3714632,-0.03923659,0.8599916
1714910133032,1.129788,1.507543,0.9753466,0.3469843,0.3704525,-0.03527533,0.8608847
1714910133046,1.128651,1.509087,0.9765506,0.3442482,0.3694039,-0.03182964,0.8625664
1714910133059,1.127665,1.510951,0.9777002,0.338012,0.3691944,-0.02912616,0.8652139
1714910133073,1.126607,1.513318,0.9785629,0.3297631,0.3705133,-0.02725049,0.8678904
1714910133088,1.125576,1.515902,0.9790297,0.3219591,0.3720615,-0.02536153,0.8702123
1714910133101,1.124398,1.518655,0.9791931,0.3133766,0.3741669,-0.02270922,0.8725128
1714910133116,1.123229,1.521571,0.9793102,0.3045439,0.3766605,-0.0208694,0.874611
1714910133129,1.1222,1.524616,0.9791756,0.2951863,0.3791216,-0.01908786,0.8767939
1714910133144,1.1212,1.527446,0.9789418,0.2859365,0.3815124,-0.01616505,0.8788784
1714910133157,1.119941,1.530244,0.978554,0.2766291,0.3840504,-0.01386631,0.8807891
1714910133171,1.118672,1.533334,0.977923,0.267672,0.3866303,-0.01278993,0.8824427
1714910133185,1.117485,1.536348,0.9771817,0.2581738,0.3892682,-0.01181933,0.884125
1714910133199,1.116169,1.539392,0.9764216,0.2494624,0.3917831,-0.01051434,0.8855304
1714910133213,1.114651,1.542086,0.9755876,0.2408321,0.3938828,-0.00974839,0.8869956
1714910133227,1.112908,1.544743,0.9748664,0.2329851,0.395866,-0.01023982,0.8882023
1714910133240,1.111031,1.547084,0.9740196,0.2255929,0.3972441,-0.01064766,0.8894895
1714910133254,1.109147,1.549676,0.9729651,0.2194967,0.3979378,-0.01108116,0.8906986
1714910133268,1.107221,1.552061,0.9717892,0.213264,0.3981132,-0.01106996,0.8921333
1714910133282,1.105111,1.554465,0.9706544,0.2075594,0.3981421,-0.01158837,0.8934582
1714910133296,1.102947,1.55679,0.9697549,0.2013069,0.3979435,-0.01284583,0.8949589
1714910133310,1.100751,1.559285,0.9691176,0.1949887,0.3969754,-0.01480163,0.8967558
1714910133324,1.098471,1.561645,0.968517,0.1888865,0.3953946,-0.01640225,0.8987302
1714910133338,1.096009,1.563857,0.9678184,0.1821003,0.3929398,-0.01823575,0.9011688
1714910133351,1.093589,1.566173,0.9670235,0.1757527,0.3896282,-0.01979085,0.9038303
1714910133366,1.091238,1.568423,0.9663342,0.1693458,0.3860472,-0.02119636,0.906554
1714910133380,1.088954,1.570854,0.9658263,0.162433,0.3819072,-0.02321069,0.9095184
1714910133393,1.086729,1.573125,0.9653608,0.1546429,0.3773723,-0.02479668,0.9127216
1714910133408,1.084322,1.575307,0.9646468,0.147794,0.3724668,-0.02567858,0.9158417
1714910133421,1.081819,1.577347,0.9639909,0.1416082,0.3670101,-0.02691914,0.918981
1714910133435,1.079428,1.579209,0.9633846,0.1349617,0.3614386,-0.02791299,0.9221542
1714910133449,1.077105,1.581276,0.962797,0.1279823,0.3551938,-0.02888473,0.9255396
1714910133463,1.074795,1.583373,0.9623677,0.1205316,0.3494202,-0.03028807,0.9286874
1714910133477,1.072464,1.585504,0.9616778,0.1131928,0.3432317,-0.03136452,0.9318775
1714910133491,1.070276,1.58743,0.9610196,0.1067672,0.33671,-0.02992722,0.935057
1714910133504,1.067852,1.589457,0.9604532,0.09991068,0.3303332,-0.02898761,0.9381138
1714910133518,1.065296,1.591216,0.9596766,0.09299117,0.32319,-0.02813304,0.9413338
1714910133533,1.062952,1.593333,0.9591377,0.08660378,0.3162901,-0.02732434,0.944306
1714910133546,1.060763,1.595422,0.9584953,0.07852469,0.3097087,-0.02639432,0.9472159
1714910133560,1.05846,1.597325,0.9577069,0.07104284,0.3037666,-0.02490952,0.9497675
1714910133574,1.055992,1.598955,0.9567277,0.06587055,0.2971558,-0.0234379,0.9522658
1714910133588,1.053681,1.600538,0.9561386,0.06042016,0.2896598,-0.02155289,0.9549775
1714910133602,1.051462,1.602173,0.955363,0.0544779,0.2815191,-0.01784186,0.9578418
1714910133615,1.049258,1.603411,0.9541208,0.04891201,0.2744883,-0.01563586,0.9602184
1714910133630,1.047223,1.604369,0.9525741,0.04500756,0.2689097,-0.01665371,0.9619691
1714910133644,1.045492,1.605138,0.9510595,0.04189283,0.2640246,-0.01744214,0.9634479
1714910133657,1.043937,1.606308,0.9496846,0.03831791,0.2590413,-0.01703761,0.9649555
1714910133671,1.042471,1.607852,0.948355,0.03443665,0.2542524,-0.01590791,0.9663937
1714910133686,1.0412,1.609195,0.9470365,0.02985517,0.2490549,-0.01445776,0.9679211
1714910133699,1.039986,1.610219,0.9456426,0.02513931,0.2439578,-0.01268749,0.969377
1714910133713,1.038955,1.610942,0.9443294,0.02166222,0.2392964,-0.01050647,0.9706481
1714910133727,1.037934,1.611379,0.9428174,0.01888232,0.2345275,-0.009613811,0.9718785
1714910133741,1.036859,1.611853,0.9414274,0.01720809,0.2303138,-0.01075698,0.9729048
1714910133755,1.036024,1.612521,0.9401619,0.01488382,0.2262734,-0.0118403,0.9738781
1714910133769,1.035394,1.613248,0.9389237,0.01222988,0.2223074,-0.01232391,0.974822
1714910133783,1.034893,1.613917,0.9377981,0.00932876,0.218901,-0.01247688,0.9756227
1714910133796,1.034239,1.614432,0.9367861,0.006291181,0.215195,-0.012692,0.9764684
1714910133811,1.033452,1.614827,0.9357638,0.003778007,0.2113083,-0.01308806,0.9773245
1714910133825,1.032735,1.615365,0.9347269,0.002092903,0.2071209,-0.01446823,0.9782062
1714910133838,1.032114,1.615767,0.9337057,6.266079E-05,0.2036548,-0.01504305,0.9789272
1714910133852,1.031553,1.616391,0.9329742,-0.002555928,0.200817,-0.01593604,0.9794958
1714910133867,1.03085,1.616947,0.9321697,-0.005165987,0.1984687,-0.0171515,0.9799435
1714910133880,1.030325,1.617223,0.93146,-0.007342303,0.1960202,-0.01753994,0.9804155
1714910133894,1.029765,1.617453,0.930548,-0.008383595,0.1938272,-0.01839334,0.9808275
1714910133909,1.029215,1.61751,0.9297484,-0.009073406,0.1922075,-0.01920332,0.9811245
1714910133922,1.028708,1.617628,0.9289333,-0.009105504,0.1911607,-0.02047314,0.981303
1714910133936,1.028331,1.617907,0.9281482,-0.009446653,0.1905005,-0.02204101,0.9813942
1714910133949,1.028032,1.61819,0.9274952,-0.01056108,0.1908116,-0.02361956,0.9812856
1714910133964,1.027958,1.618672,0.9267935,-0.01216221,0.1920095,-0.02523831,0.9809931
1714910133977,1.028001,1.618958,0.9262393,-0.01431132,0.1948055,-0.02666001,0.9803751
1714910133991,1.027963,1.618761,0.9256839,-0.01496713,0.1979686,-0.02813053,0.9796903
1714910134006,1.027794,1.618924,0.9247516,-0.01418168,0.2010381,-0.02970705,0.9790302
1714910134019,1.027768,1.618783,0.9243748,-0.01480093,0.2043184,-0.03061459,0.9783137
1714910134034,1.027896,1.618976,0.9238852,-0.01494675,0.2084142,-0.0322154,0.9773957
1714910134047,1.028277,1.619142,0.9236097,-0.01659077,0.2138869,-0.03383336,0.9761314
1714910134061,1.028773,1.619271,0.9231467,-0.0180917,0.2200119,-0.03437723,0.9747234
1714910134074,1.0293,1.619048,0.9228616,-0.01973555,0.226443,-0.0346534,0.9732077
1714910134089,1.029798,1.618549,0.9223803,-0.02063763,0.2332032,-0.03489106,0.9715827
1714910134103,1.030438,1.6178,0.9219695,-0.02141374,0.2405391,-0.0349841,0.9697725
1714910134116,1.031372,1.61702,0.9213128,-0.02174125,0.248566,-0.03686361,0.9676691
1714910134131,1.032782,1.616325,0.9205678,-0.02213871,0.2582831,-0.03846448,0.9650493
1714910134144,1.034294,1.615527,0.919782,-0.0234912,0.2684502,-0.03828524,0.9622458
1714910134158,1.035721,1.614728,0.9191368,-0.02381329,0.278788,-0.03741826,0.9593279
1714910134173,1.037183,1.613745,0.9184396,-0.02431601,0.2883188,-0.03583879,0.9565546
1714910134187,1.03882,1.612867,0.9177806,-0.02502812,0.29716,-0.03412787,0.9538893
1714910134201,1.040633,1.612159,0.9170906,-0.02467443,0.3062372,-0.03244549,0.9510822
1714910134214,1.042611,1.611586,0.9161904,-0.0233011,0.3149387,-0.03090446,0.9483225
1714910134229,1.044715,1.611131,0.9152477,-0.02141812,0.3236257,-0.02984985,0.9454717
1714910134243,1.046911,1.610738,0.9142134,-0.01842912,0.3319526,-0.02819558,0.9426945
1714910134256,1.049215,1.610361,0.9131616,-0.01571814,0.3397666,-0.02716068,0.9399861
1714910134271,1.051554,1.610265,0.9119913,-0.0123524,0.3467672,-0.02579769,0.937515
1714910134284,1.054232,1.610229,0.9109679,-0.01007062,0.353235,-0.02267268,0.9352056
1714910134298,1.056623,1.610837,0.9100195,-0.01064653,0.3593798,-0.02368884,0.9328299
1714910134312,1.059435,1.611142,0.9087609,-0.01195393,0.3651727,-0.02256712,0.9305894
1714910134326,1.062283,1.611216,0.9073714,-0.01363465,0.3714367,-0.02198597,0.9280978
1714910134340,1.065148,1.611157,0.9059845,-0.01624109,0.3777456,-0.02293186,0.925483
1714910134354,1.067954,1.61093,0.9041917,-0.01669249,0.3837962,-0.02203989,0.9230039
1714910134368,1.070758,1.610173,0.9025455,-0.01666899,0.389909,-0.0224923,0.9204277
1714910134382,1.073779,1.609567,0.9008808,-0.01628169,0.3958444,-0.02363375,0.917869
1714910134396,1.07704,1.609048,0.899218,-0.01730569,0.4017153,-0.02302701,0.9153115
1714910134409,1.080448,1.608675,0.897289,-0.01755992,0.4076307,-0.02178553,0.9127181
1714910134424,1.083627,1.607509,0.8953004,-0.01778746,0.4139789,-0.02136492,0.9098619
1714910134437,1.086746,1.606965,0.8933515,-0.01571625,0.4197714,-0.02196788,0.9072279
1714910134452,1.089952,1.607144,0.8916022,-0.01399654,0.4251562,-0.02374268,0.9047003
1714910134466,1.093557,1.608706,0.8900344,-0.01205178,0.4309252,-0.02551653,0.9019463
1714910134479,1.097275,1.610093,0.8881764,-0.01193875,0.4362888,-0.02465155,0.8993897
1714910134493,1.100924,1.611175,0.8864952,-0.01381807,0.4419394,-0.02225763,0.8966622
1714910134507,1.104382,1.611823,0.8847725,-0.0164497,0.4472619,-0.02161592,0.8939905
1714910134521,1.107852,1.612184,0.8831236,-0.01946933,0.4527324,-0.02206689,0.8911607
1714910134535,1.111294,1.612504,0.8813008,-0.02234298,0.4579839,-0.02252265,0.8883943
1714910134549,1.11477,1.612674,0.8795667,-0.02475948,0.4633368,-0.02265603,0.8855466
1714910134562,1.118351,1.612792,0.8778117,-0.02715581,0.4686214,-0.02352185,0.8826683
1714910134577,1.121965,1.612819,0.8759885,-0.02944738,0.47436,-0.02442527,0.8794992
1714910134591,1.125595,1.612801,0.8740373,-0.03126186,0.4801711,-0.02556683,0.8762447
1714910134605,1.129187,1.612621,0.8721448,-0.03219201,0.4861466,-0.02639112,0.8728852
1714910134619,1.132781,1.612235,0.8702344,-0.03284533,0.4919568,-0.0262424,0.869604
1714910134632,1.136331,1.611897,0.868418,-0.03377624,0.4972792,-0.02664902,0.8665231
1714910134647,1.139874,1.611568,0.8666697,-0.03486885,0.5025465,-0.02742914,0.8634111
1714910134660,1.143379,1.611326,0.8649962,-0.0354286,0.5079554,-0.02879363,0.8601727
1714910134675,1.146865,1.610945,0.8633063,-0.03631557,0.5131794,-0.03013611,0.856983
1714910134689,1.150128,1.610698,0.8614164,-0.03660854,0.5181347,-0.03176292,0.8539247
1714910134703,1.153294,1.610524,0.8597828,-0.03681732,0.5230516,-0.03346496,0.8508476
1714910134716,1.156267,1.610329,0.8579437,-0.03658764,0.5274897,-0.03497726,0.8480523
1714910134731,1.159227,1.610175,0.8562194,-0.03621707,0.5317737,-0.03609638,0.8453414
1714910134744,1.162143,1.609961,0.8547878,-0.03679183,0.535702,-0.0370677,0.8427905
1714910134758,1.164834,1.609812,0.853426,-0.03796492,0.5390382,-0.03794799,0.8405691
1714910134773,1.167428,1.609748,0.852136,-0.03925319,0.5420043,-0.03834289,0.8385823
1714910134786,1.169835,1.6096,0.8509851,-0.04074274,0.5443353,-0.03818335,0.8370073
1714910134800,1.172116,1.609351,0.8498356,-0.04239308,0.546141,-0.03825612,0.8357447
1714910134814,1.174335,1.609247,0.8487908,-0.04332405,0.5481356,-0.03858073,0.8343751
1714910134829,1.176401,1.609194,0.8478329,-0.04434668,0.5499009,-0.03954025,0.833114
1714910134842,1.178371,1.609027,0.8468986,-0.04558333,0.551426,-0.04062684,0.8319862
1714910134856,1.180213,1.608951,0.8461115,-0.04627943,0.5528664,-0.04204606,0.8309206
1714910134870,1.181923,1.609025,0.8455082,-0.04698591,0.5541863,-0.04372149,0.8299146
1714910134883,1.183525,1.609095,0.8450087,-0.04747075,0.5554881,-0.0451321,0.8289406
1714910134898,1.18488,1.609054,0.8446482,-0.04815407,0.556323,-0.04636493,0.8282731
1714910134911,1.186088,1.608898,0.8443602,-0.04882532,0.5571454,-0.04815987,0.8275782
1714910134926,1.187141,1.608613,0.844175,-0.04919999,0.5580733,-0.05043719,0.8267948
1714910134939,1.188079,1.60849,0.8438757,-0.04923847,0.5591077,-0.05232286,0.8259761
1714910134954,1.188944,1.60824,0.8437741,-0.04926062,0.5601641,-0.05350611,0.8251828
1714910134968,1.189695,1.608071,0.8438355,-0.04961904,0.5609348,-0.0542129,0.8245915
1714910134982,1.190275,1.607811,0.84392,-0.04996111,0.5613614,-0.054426,0.8242664
1714910134996,1.190719,1.608099,0.8441092,-0.04900765,0.5615509,-0.05562463,0.8241145
1714910135010,1.191061,1.608637,0.8443146,-0.04787685,0.5617633,-0.05685953,0.823952
1714910135023,1.191314,1.608238,0.8445141,-0.04697307,0.5616881,-0.05595106,0.8241174
1714910135037,1.191421,1.607923,0.8449318,-0.04506253,0.5616155,-0.05642287,0.8242415
1714910135051,1.191365,1.60828,0.8454546,-0.04370878,0.5610648,-0.05874637,0.824527
1714910135064,1.191362,1.608586,0.8459697,-0.04244211,0.5603846,-0.05929098,0.8250166
1714910135079,1.191292,1.608503,0.8465921,-0.04152958,0.5594424,-0.05921688,0.8257075
1714910135093,1.191199,1.608816,0.8473464,-0.04065816,0.5584174,-0.06027634,0.8263678
1714910135106,1.191136,1.609385,0.8481462,-0.04026806,0.5572439,-0.06095856,0.8271286
1714910135120,1.191207,1.609914,0.8490321,-0.0403892,0.5560243,-0.06072113,0.8279606
1714910135134,1.191317,1.610475,0.8500561,-0.04148993,0.5545522,-0.06007649,0.8289399
1714910135149,1.191363,1.610881,0.8511841,-0.04259481,0.5527132,-0.05912399,0.8301796
1714910135162,1.191368,1.611204,0.8524148,-0.04372079,0.5504447,-0.0582429,0.8316892
1714910135176,1.191355,1.611649,0.8537065,-0.04454445,0.5476882,-0.0576735,0.8335029
1714910135190,1.19129,1.611917,0.8550343,-0.04495228,0.544915,-0.05663754,0.8353677
1714910135204,1.191184,1.611981,0.8565615,-0.04446806,0.5415375,-0.05543928,0.8376671
1714910135217,1.190911,1.612187,0.8581443,-0.04389179,0.5375233,-0.05448826,0.8403412
1714910135232,1.190581,1.612494,0.8599299,-0.04262273,0.5326319,-0.05329131,0.8435915
1714910135246,1.190045,1.612737,0.861868,-0.04123687,0.526723,-0.05182142,0.8474532
1714910135259,1.189441,1.612872,0.8639016,-0.0402117,0.5202444,-0.05095336,0.8515471
1714910135274,1.188673,1.612839,0.8658901,-0.03967224,0.5129923,-0.05040938,0.8559929
1714910135288,1.187934,1.612792,0.8678712,-0.03919873,0.5059567,-0.04981757,0.8602264
1714910135301,1.186975,1.613055,0.8698175,-0.03857455,0.4984255,-0.04925928,0.8646719
1714910135316,1.185853,1.613395,0.871996,-0.03877727,0.4906675,-0.04831477,0.8691418
1714910135330,1.184486,1.613981,0.8741525,-0.03935532,0.4820395,-0.04761221,0.8739693
1714910135343,1.18302,1.614532,0.8762514,-0.04017079,0.4731708,-0.04722232,0.8787865
1714910135357,1.181446,1.615036,0.8784338,-0.04065464,0.4640308,-0.04659325,0.8836582
1714910135371,1.179755,1.61558,0.8807893,-0.04117208,0.4538438,-0.04551128,0.8889654
1714910135386,1.177732,1.616385,0.883356,-0.04202039,0.4422874,-0.0436448,0.8948247
1714910135399,1.175293,1.617334,0.886157,-0.04324894,0.4295381,-0.0422731,0.9010214
1714910135413,1.172512,1.618146,0.8889858,-0.04497085,0.4142805,-0.04059191,0.9081308
1714910135426,1.169574,1.618908,0.891951,-0.04653924,0.3985382,-0.03933172,0.9151254
1714910135440,1.166271,1.619497,0.8949157,-0.04863803,0.3804594,-0.03799674,0.9227358
1714910135454,1.162782,1.620124,0.8979353,-0.05019785,0.3618436,-0.03616535,0.9301835
1714910135468,1.159041,1.620809,0.9009868,-0.05250034,0.341519,-0.03466474,0.937767
1714910135482,1.155192,1.62111,0.9037689,-0.05496807,0.3208293,-0.03320393,0.9449574
1714910135496,1.151234,1.621561,0.9063458,-0.056553,0.3004458,-0.03292442,0.9515514
1714910135510,1.147285,1.621928,0.9087377,-0.05719083,0.2804474,-0.03238213,0.9576167
1714910135524,1.143439,1.622311,0.910861,-0.0573241,0.2601986,-0.03084465,0.9633583
1714910135538,1.13965,1.622587,0.9130836,-0.0570777,0.2403782,-0.02879873,0.9685717
1714910135551,1.136009,1.622853,0.9152181,-0.05738118,0.2213273,-0.02655244,0.9731478
1714910135565,1.132459,1.623135,0.9170461,-0.05809246,0.2030333,-0.02411023,0.9771497
1714910135579,1.129024,1.623502,0.9184797,-0.05926115,0.1863612,-0.02188561,0.9804482
1714910135593,1.125802,1.623952,0.9198062,-0.06013218,0.1711625,-0.02057463,0.9831908
1714910135607,1.123017,1.624425,0.9211124,-0.06140302,0.1574871,-0.01905194,0.9854261
1714910135621,1.120535,1.624814,0.9224581,-0.06287358,0.1449366,-0.01711528,0.9872929
1714910135635,1.118093,1.625148,0.9238057,-0.06444128,0.1331282,-0.01381758,0.9889051
1714910135649,1.115442,1.625745,0.9249372,-0.06600916,0.1211108,-0.01122078,0.9903783
1714910135663,1.113078,1.626079,0.925852,-0.06745852,0.1096285,-0.009779889,0.9916326
1714910135677,1.111063,1.626392,0.9266875,-0.06842872,0.09975027,-0.008687455,0.9926187
1714910135691,1.109348,1.626588,0.9275402,-0.06992199,0.09122752,-0.006888356,0.9933485
1714910135704,1.107558,1.626944,0.9285187,-0.07082415,0.0830993,-0.004075652,0.994013
1714910135718,1.105587,1.627335,0.9296222,-0.07221095,0.07409986,-0.001663558,0.9946316
1714910135732,1.103637,1.627826,0.9304016,-0.0731118,0.0650532,-0.0003586661,0.9951998
1714910135746,1.10171,1.628142,0.9311757,-0.07423519,0.05675024,0.00131736,0.9956238
1714910135759,1.099604,1.62843,0.9318249,-0.07542437,0.04802359,0.003786697,0.9959872
1714910135774,1.097142,1.628809,0.9326566,-0.07746532,0.03822185,0.007153639,0.9962364
1714910135788,1.094609,1.629381,0.9332538,-0.07962029,0.02717171,0.009205741,0.9964124
1714910135802,1.09242,1.629727,0.9337674,-0.08134102,0.01728662,0.009731481,0.9964889
1714910135816,1.090779,1.630011,0.9340638,-0.08206683,0.009363485,0.01031402,0.9965295
1714910135830,1.08924,1.630283,0.934455,-0.08264107,0.003129826,0.01141265,0.9965091
1714910135843,1.087659,1.630598,0.9348093,-0.08350329,-0.002983016,0.01240519,0.9964259
1714910135858,1.085997,1.63093,0.9352688,-0.08459667,-0.008267142,0.01386571,0.9962845
1714910135872,1.084572,1.631118,0.9357367,-0.0858364,-0.01331793,0.01498855,0.9961075
1714910135886,1.083238,1.631216,0.9361951,-0.08649766,-0.01750023,0.01599006,0.99597
1714910135899,1.082094,1.631364,0.9366118,-0.08703078,-0.0205189,0.01605618,0.9958649
1714910135913,1.081032,1.631736,0.936951,-0.08732715,-0.02234247,0.01583005,0.9958033
1714910135928,1.080073,1.632018,0.9374132,-0.08855936,-0.02342818,0.015734,0.995671
1714910135941,1.079342,1.632089,0.9380671,-0.08995514,-0.02337173,0.01673329,0.995531
1714910135954,1.078798,1.63181,0.9385714,-0.09082186,-0.02304596,0.01731836,0.9954498
1714910135969,1.07858,1.631264,0.9387157,-0.08981066,-0.0212483,0.01743381,0.9955795
1714910135983,1.078583,1.630882,0.9390412,-0.08721898,-0.01839986,0.0178588,0.9958591
1714910135996,1.078564,1.630603,0.939308,-0.08509544,-0.01470371,0.01840598,0.9960943
1714910136010,1.078727,1.630442,0.9395204,-0.08305385,-0.01035118,0.01828455,0.9963235
1714910136024,1.078912,1.630313,0.9399348,-0.08148898,-0.005556297,0.01697651,0.9965142
1714910136038,1.079448,1.630146,0.940267,-0.08043183,0.0005060849,0.01543245,0.9966405
1714910136052,1.080384,1.630115,0.9404984,-0.07930829,0.0077562,0.01424594,0.9967182
1714910136066,1.081656,1.630076,0.9406455,-0.07821002,0.01647502,0.01442532,0.9966965
1714910136080,1.083011,1.629981,0.9408846,-0.07730103,0.02560481,0.01478746,0.9965693
1714910136094,1.0846,1.629882,0.9411131,-0.07664871,0.03573824,0.01484804,0.9963068
1714910136108,1.086488,1.629517,0.9414349,-0.07531265,0.04690027,0.0150613,0.9959425
1714910136122,1.088751,1.629165,0.9415461,-0.07321951,0.05873813,0.01537595,0.9954659
1714910136136,1.091492,1.628663,0.9415,-0.07021149,0.07294668,0.01704381,0.9947153
1714910136150,1.094275,1.628244,0.9414457,-0.06751734,0.08797367,0.0195651,0.9936394
1714910136164,1.096911,1.627923,0.9412506,-0.06492173,0.102438,0.02147936,0.9923862
1714910136177,1.09975,1.627467,0.9411092,-0.06245282,0.116986,0.02215529,0.9909204
1714910136192,1.103011,1.626958,0.9407476,-0.05965939,0.1325473,0.02108179,0.989155
1714910136206,1.106751,1.626362,0.9403517,-0.05691653,0.1506489,0.0198177,0.9867485
1714910136220,1.110562,1.625875,0.9396737,-0.05398775,0.1705188,0.01936562,0.9836838
1714910136233,1.114234,1.625359,0.9389918,-0.05180447,0.190494,0.01901441,0.9801361
1714910136248,1.117932,1.624953,0.9381379,-0.04944274,0.2098469,0.01869846,0.9763043
1714910136261,1.121785,1.62472,0.9373754,-0.04741431,0.2297699,0.01788847,0.9719248
1714910136275,1.125894,1.624202,0.9363696,-0.0467176,0.2509836,0.01667621,0.9667195
1714910136290,1.130144,1.623683,0.9349356,-0.04539612,0.2739401,0.01498126,0.9605579
1714910136303,1.134127,1.622838,0.9333022,-0.04334255,0.2970228,0.01448785,0.9537762
1714910136317,1.137544,1.621979,0.9317123,-0.03967963,0.3187934,0.01342877,0.9468981
1714910136331,1.140825,1.620996,0.9301153,-0.03589341,0.3387547,0.01274583,0.9401034
1714910136345,1.14376,1.620221,0.9288424,-0.03194313,0.3575953,0.01171078,0.9332567
1714910136358,1.146429,1.619541,0.9275482,-0.02920483,0.3747591,0.009089027,0.9266176
1714910136373,1.149102,1.61867,0.9262686,-0.02735219,0.3909539,0.006733346,0.9199792
1714910136387,1.151506,1.617683,0.9249696,-0.02619815,0.4056269,0.005439146,0.9136471
1714910136401,1.153774,1.616741,0.9234191,-0.02369397,0.418918,0.004782506,0.9077023
1714910136415,1.155585,1.615532,0.9223388,-0.0206297,0.4301389,0.004651267,0.902515
1714910136429,1.157169,1.61443,0.9212,-0.01664983,0.4391986,0.003089017,0.8982304
1714910136442,1.158613,1.613436,0.9201293,-0.01293722,0.447242,0.0002949228,0.8943194
1714910136456,1.160063,1.612603,0.9190972,-0.01010387,0.4554454,-0.00324023,0.8902005
1714910136471,1.161503,1.61177,0.9178397,-0.007783692,0.4628531,-0.005914183,0.8863811
1714910136485,1.162753,1.61115,0.9168633,-0.005695569,0.4695643,-0.007849582,0.882845
1714910136499,1.163812,1.610527,0.9158115,-0.003551768,0.4752636,-0.009522446,0.8797848
1714910136513,1.164684,1.60978,0.9149573,-0.001523161,0.4796987,-0.01126528,0.8773597
1714910136526,1.165562,1.608983,0.9140075,0.0008738233,0.4837387,-0.01363332,0.8751059
1714910136540,1.166485,1.608375,0.9131821,0.002598438,0.4884129,-0.01632403,0.8724561
1714910136554,1.167391,1.60802,0.9121887,0.003879857,0.4926365,-0.01867927,0.8700261
1714910136568,1.168265,1.607787,0.9113209,0.005154609,0.4967198,-0.02053886,0.8676526
1714910136583,1.169097,1.607511,0.910642,0.005736065,0.5003754,-0.02257187,0.8654953
1714910136596,1.169945,1.607295,0.9100111,0.006045636,0.5031022,-0.02430079,0.8638641
1714910136610,1.170833,1.607079,0.90943,0.006104502,0.5059456,-0.02643631,0.8621386
1714910136624,1.171822,1.607037,0.908929,0.00562332,0.5088775,-0.02858611,0.8603458
1714910136638,1.172801,1.607035,0.908286,0.005365222,0.5113896,-0.02992589,0.858811
1714910136652,1.173792,1.60689,0.9078131,0.005086267,0.5138867,-0.03115196,0.8572772
1714910136666,1.174696,1.606664,0.9073794,0.005525288,0.515718,-0.0322269,0.8561342
1714910136679,1.175581,1.606465,0.9069582,0.006203346,0.5173199,-0.0333357,0.8551201
1714910136694,1.176452,1.606216,0.9064351,0.006571019,0.5190432,-0.03428378,0.8540349
1714910136708,1.177343,1.606058,0.9059024,0.007195935,0.5207191,-0.0349131,0.8529836
1714910136721,1.178183,1.605935,0.9054058,0.007899277,0.5223017,-0.03576603,0.8519738
1714910136736,1.178952,1.605713,0.9050805,0.008773265,0.5238664,-0.03673795,0.8509626
1714910136750,1.179688,1.605438,0.9048009,0.00947803,0.524985,-0.03772041,0.8502225
1714910136763,1.180269,1.605172,0.9045776,0.0103924,0.5255723,-0.03868268,0.8498055
1714910136777,1.18081,1.604862,0.9043939,0.01110801,0.5258633,-0.03978287,0.8495656
1714910136791,1.181278,1.604658,0.9043051,0.01187702,0.5262541,-0.04121915,0.8492447
1714910136806,1.181764,1.604525,0.904261,0.01267229,0.5264975,-0.04269196,0.8490095
1714910136819,1.18217,1.604353,0.9043108,0.01188172,0.5269203,-0.04421781,0.8486805
1714910136833,1.182476,1.604449,0.9043325,0.01077784,0.5276505,-0.04678118,0.8481039
1714910136847,1.183024,1.604364,0.9043018,0.008086248,0.52903,-0.0480268,0.8472044
1714910136860,1.18343,1.604282,0.9040153,0.005821101,0.5309774,-0.04870083,0.8459654
1714910136875,1.183836,1.603749,0.9037212,0.005058578,0.5334274,-0.04776846,0.8444809
1714910136889,1.184048,1.603064,0.9034299,0.006190161,0.5354498,-0.04726142,0.843221
1714910136903,1.184107,1.602377,0.9032099,0.008703713,0.5372885,-0.04736416,0.8420225
1714910136916,1.184115,1.601861,0.9030511,0.01211668,0.5388725,-0.04839882,0.8409086
1714910136930,1.184298,1.601505,0.9029905,0.01512268,0.5403441,-0.04945537,0.8398534
1714910136944,1.184716,1.601293,0.903012,0.01765928,0.541665,-0.05011301,0.8389135
1714910136959,1.185341,1.601423,0.9030688,0.01910858,0.5426711,-0.05058621,0.8382028
1714910136972,1.186102,1.601619,0.9033327,0.01929656,0.5432776,-0.04940784,0.8378758
1714910136986,1.186826,1.601714,0.9037797,0.01907099,0.5433246,-0.04820397,0.8379207
1714910137000,1.187507,1.601671,0.9043287,0.01857289,0.542201,-0.04724068,0.8387142
1714910137015,1.188236,1.601687,0.9048105,0.01824333,0.5407279,-0.04671273,0.8397014
1714910137028,1.189045,1.60189,0.905244,0.01715611,0.5392676,-0.04682772,0.8406565
1714910137042,1.190017,1.601929,0.905625,0.01663548,0.5380876,-0.04618439,0.8414583
1714910137056,1.190973,1.601746,0.9060289,0.01682333,0.5367504,-0.04497704,0.8423735
1714910137070,1.191855,1.601314,0.9063104,0.01784609,0.5350145,-0.04359603,0.8435286
1714910137084,1.192598,1.600741,0.9064478,0.01990262,0.5332754,-0.04278351,0.8446246
1714910137098,1.193215,1.600007,0.906495,0.02288121,0.5320626,-0.04333329,0.8452858
1714910137111,1.193735,1.599381,0.9065588,0.02630609,0.5316875,-0.04536721,0.8453155
1714910137126,1.194323,1.598977,0.9066613,0.02935523,0.5315059,-0.04760901,0.845206
1714910137139,1.194935,1.598517,0.9070125,0.03145625,0.5315196,-0.04973103,0.8449996
1714910137153,1.19537,1.598124,0.9074331,0.03317538,0.5314723,-0.05258453,0.8447908
1714910137168,1.195931,1.597671,0.907891,0.0347511,0.5310997,-0.05392434,0.8448772
1714910137181,1.196513,1.59755,0.9084355,0.03619815,0.5299482,-0.05298725,0.8455986
1714910137196,1.197151,1.597428,0.9090562,0.0376064,0.528043,-0.05113699,0.846842
1714910137209,1.197791,1.597208,0.9099292,0.03871662,0.5255484,-0.04939745,0.8484455
1714910137223,1.198298,1.596816,0.9108261,0.04015848,0.523046,-0.04923961,0.8499327
1714910137236,1.198791,1.596389,0.9118277,0.04201578,0.5206234,-0.04992282,0.8512895
1714910137251,1.199427,1.596152,0.9130167,0.04409038,0.5178244,-0.05125137,0.8528114
1714910137265,1.200217,1.595917,0.9143149,0.04517179,0.5145823,-0.05129271,0.8547126
1714910137279,1.200979,1.595345,0.9156176,0.04642031,0.5106477,-0.04986478,0.8570867
1714910137292,1.201442,1.594525,0.9169096,0.04910363,0.5056064,-0.04864382,0.8599911
1714910137307,1.201613,1.5931,0.9182789,0.05401066,0.4999491,-0.04835972,0.8630151
1714910137321,1.201625,1.591471,0.9196983,0.0604473,0.4940093,-0.04921746,0.8659553
1714910137335,1.201489,1.590103,0.9213643,0.06878649,0.4871229,-0.05077781,0.8691383
1714910137348,1.201423,1.589113,0.923319,0.0757468,0.4794967,-0.05173473,0.8727364
1714910137362,1.20108,1.588142,0.9256632,0.08130251,0.4709642,-0.05305894,0.8767939
1714910137376,1.200513,1.586876,0.9279936,0.08727518,0.4613849,-0.05510292,0.8811758
1714910137390,1.199943,1.58515,0.9308038,0.09338313,0.4499027,-0.05494364,0.8864809
1714910137404,1.199246,1.58406,0.9339315,0.09896314,0.4370779,-0.05386388,0.8923385
1714910137418,1.198586,1.583236,0.9373544,0.1030262,0.4234251,-0.0526381,0.8985133
1714910137432,1.197825,1.582629,0.940864,0.1063251,0.4104202,-0.05324168,0.9041104
1714910137446,1.197152,1.581848,0.9442602,0.1082489,0.3972131,-0.05453778,0.9096865
1714910137460,1.196443,1.580567,0.9477374,0.1105278,0.3839156,-0.05383737,0.9151469
1714910137474,1.195389,1.578803,0.9511296,0.1147568,0.3689536,-0.05168458,0.9208869
1714910137487,1.193962,1.576549,0.9543718,0.1202648,0.3522329,-0.04903532,0.926857
1714910137501,1.192213,1.574081,0.9573085,0.1290208,0.3351225,-0.04721498,0.9321037
1714910137515,1.190298,1.571243,0.9601808,0.1383508,0.3189589,-0.04763991,0.9364052
1714910137529,1.188345,1.568104,0.9629142,0.1503282,0.3040492,-0.05031331,0.9393743
1714910137543,1.186945,1.565158,0.9655659,0.1627526,0.2899404,-0.05201523,0.941669
1714910137557,1.185538,1.562356,0.9686545,0.1746814,0.2770628,-0.05289871,0.943358
1714910137571,1.184057,1.559513,0.9716815,0.1861874,0.2659102,-0.05641982,0.9441625
1714910137585,1.182657,1.556162,0.9743711,0.19749,0.2548354,-0.05973169,0.9447162
1714910137598,1.181332,1.552574,0.9772449,0.2088703,0.2443898,-0.06170113,0.944902
1714910137613,1.181132,1.549221,0.979963,0.2205249,0.237378,-0.05848142,0.9442459
1714910137626,1.181033,1.546157,0.9826928,0.2313897,0.2310638,-0.05774506,0.943257
1714910137641,1.181241,1.542897,0.9851702,0.243147,0.2261713,-0.05830686,0.9414491
1714910137654,1.181437,1.539555,0.9875315,0.2543156,0.2214627,-0.05713316,0.9396881
1714910137669,1.182178,1.536902,0.9902093,0.2628429,0.2169597,-0.05316677,0.9386242
1714910137682,1.18291,1.534462,0.9927728,0.2680494,0.2128226,-0.04876313,0.938338
1714910137696,1.183544,1.531671,0.9947174,0.2722872,0.2108958,-0.04696191,0.9376445
1714910137709,1.183966,1.528461,0.9957592,0.2800782,0.2103521,-0.04690241,0.9354722
1714910137724,1.184513,1.52536,0.9965677,0.2900015,0.2099563,-0.04744601,0.9325054
1714910137737,1.185011,1.523116,0.9974961,0.3001387,0.2105903,-0.04831824,0.9291038
1714910137752,1.185781,1.521454,0.9990203,0.3080096,0.2107381,-0.04760057,0.9265278
1714910137766,1.186644,1.520572,1.000916,0.3125609,0.211466,-0.04597139,0.9249187
1714910137779,1.187618,1.519882,1.002932,0.3161593,0.2122459,-0.04492758,0.9235673
1714910137794,1.188588,1.519136,1.005187,0.3176551,0.2142405,-0.04402754,0.9226364
1714910137807,1.189532,1.518341,1.007174,0.3193842,0.2158831,-0.04324431,0.9216931
1714910137821,1.190636,1.517635,1.009114,0.32244,0.2158743,-0.0401176,0.9207721
1714910137835,1.191659,1.516589,1.011158,0.3256175,0.2150464,-0.03672482,0.9199889
1714910137850,1.192596,1.515259,1.013068,0.3280022,0.2139253,-0.03456499,0.9194868
1714910137863,1.193648,1.513826,1.014653,0.3299144,0.2128699,-0.03400549,0.9190683
1714910137877,1.194684,1.512155,1.015811,0.3332478,0.2112867,-0.03309296,0.918264
1714910137891,1.194767,1.510388,1.018584,0.3397049,0.212051,-0.03384869,0.9156906
1714910137905,1.195939,1.508895,1.017494,0.3419154,0.2076036,-0.03523065,0.9158348
1714910137919,1.196589,1.506469,1.018394,0.3478059,0.2062414,-0.03751,0.9138318
1714910137933,1.19701,1.504862,1.018614,0.3536483,0.2046566,-0.04040629,0.9118201
1714910137947,1.197593,1.504197,1.020904,0.3581122,0.2042333,-0.04556677,0.9099275
1714910137961,1.197862,1.502748,1.020425,0.3596739,0.2032209,-0.04779094,0.909424
1714910137975,1.19848,1.501757,1.021408,0.3637092,0.202992,-0.05189045,0.9076439
1714910137989,1.199278,1.500608,1.022249,0.3685251,0.2017763,-0.05319957,0.9058949
1714910138002,1.198316,1.499638,1.023046,0.3718706,0.2019666,-0.05866773,0.9041459
1714910138016,1.197709,1.497581,1.023377,0.3783677,0.2007715,-0.06587183,0.9012157
1714910138031,1.197045,1.495588,1.023393,0.3867167,0.1976919,-0.070988,0.8979582
1714910138044,1.196864,1.49386,1.023671,0.3967449,0.1924646,-0.0759355,0.8943068
1714910138058,1.198127,1.495052,1.025781,0.3926346,0.1924432,-0.09053803,0.8947663
1714910138072,1.198939,1.492356,1.028659,0.3964613,0.1894668,-0.09011699,0.893756
1714910138086,1.198904,1.491982,1.026594,0.3991545,0.1792686,-0.0818596,0.8954538
1714910138099,1.198989,1.488939,1.029032,0.4010411,0.1718038,-0.08628163,0.895659
1714910138114,1.198088,1.487191,1.027751,0.4044832,0.1638404,-0.09189698,0.8950445
1714910138128,1.197826,1.48648,1.026665,0.4153208,0.1572647,-0.09986554,0.890395
1714910138141,1.197962,1.483773,1.026373,0.4191223,0.1557309,-0.1105709,0.8876139
1714910138156,1.198232,1.483383,1.026102,0.4234444,0.1552819,-0.1184702,0.884617
1714910138170,1.198632,1.482457,1.026639,0.4242603,0.1554082,-0.1237506,0.8834803
1714910138184,1.199183,1.482514,1.027308,0.4243017,0.1549127,-0.126762,0.8831204
1714910138197,1.199421,1.481751,1.027945,0.42007,0.1548728,-0.1282993,0.8849265
1714910138211,1.20031,1.482892,1.029345,0.4207348,0.1519743,-0.1262676,0.8854053
1714910138225,1.200569,1.483101,1.030633,0.4166857,0.150222,-0.1261646,0.8876311
1714910138239,1.200964,1.48374,1.032372,0.4127817,0.1481876,-0.1246061,0.8900141
1714910138253,1.20167,1.484825,1.034016,0.4080062,0.1444024,-0.1213794,0.8932782
1714910138267,1.202084,1.485113,1.036238,0.3991859,0.1407942,-0.1169693,0.8984129
1714910138281,1.203099,1.486378,1.038119,0.3919764,0.1364428,-0.1134513,0.9026996
1714910138295,1.203506,1.487105,1.040678,0.3849385,0.1327303,-0.109231,0.906793
1714910138309,1.203685,1.487202,1.042449,0.3753801,0.1273585,-0.104968,0.9120588
1714910138323,1.203773,1.487645,1.044449,0.3663333,0.1208319,-0.1015075,0.9170037
1714910138336,1.204459,1.488969,1.046757,0.3587235,0.112969,-0.09806272,0.921379
1714910138350,1.204316,1.489402,1.048602,0.3429763,0.106644,-0.09244491,0.928681
1714910138364,1.204913,1.489171,1.050777,0.3252824,0.09988392,-0.08779196,0.9362196
1714910138378,1.204692,1.492435,1.05398,0.3136433,0.09550769,-0.08797097,0.9406207
1714910138392,1.204324,1.492818,1.056683,0.2935479,0.09409755,-0.09042645,0.9469944
1714910138406,1.204259,1.496126,1.060258,0.2828755,0.09138099,-0.09430962,0.9501246
1714910138420,1.203742,1.497397,1.062951,0.27033,0.09050436,-0.09992298,0.9532817
1714910138434,1.202908,1.499132,1.065107,0.2607512,0.09003505,-0.106533,0.9552765
1714910138447,1.202014,1.500383,1.066458,0.2535549,0.08859754,-0.1108752,0.9568527
1714910138461,1.201465,1.501724,1.067645,0.2515019,0.08479942,-0.1119161,0.9576172
1714910138475,1.200561,1.502078,1.068469,0.2479188,0.08057773,-0.1086161,0.9592946
1714910138489,1.200025,1.502275,1.069122,0.2441662,0.07485417,-0.101062,0.9615437
1714910138504,1.199605,1.503061,1.070355,0.2393471,0.06853413,-0.09522299,0.9638199
1714910138517,1.198716,1.503886,1.071471,0.237076,0.06256065,-0.089697,0.9653164
1714910138531,1.197796,1.504397,1.072015,0.2347182,0.05763967,-0.08657521,0.9664832
1714910138546,1.196965,1.504713,1.072252,0.2316214,0.05364123,-0.08516087,0.9675856
1714910138559,1.196096,1.504895,1.072563,0.2276577,0.05130404,-0.08413555,0.968742
1714910138572,1.195269,1.505249,1.072881,0.2254117,0.04955011,-0.08258877,0.9694914
1714910138586,1.194352,1.505777,1.073192,0.225309,0.04885043,-0.08184906,0.9696134
1714910138601,1.193377,1.50615,1.073354,0.2250799,0.04801122,-0.08058662,0.9698143
1714910138614,1.192078,1.506477,1.073534,0.2269755,0.04718616,-0.07816797,0.9696109
1714910138628,1.190641,1.506592,1.073895,0.2305864,0.04594735,-0.075202,0.9690529
1714910138643,1.18917,1.506721,1.074489,0.2346492,0.04429321,-0.07212415,0.9683884
1714910138656,1.187621,1.506559,1.075452,0.2370753,0.04290835,-0.06862802,0.9681138
1714910138670,1.186075,1.506448,1.076546,0.2380882,0.04122774,-0.06533059,0.9681664
1714910138684,1.184391,1.506687,1.077909,0.2402242,0.03907563,-0.06153482,0.9679767
1714910138698,1.182465,1.506611,1.079352,0.2420111,0.03654665,-0.05828937,0.9678313
1714910138712,1.180522,1.506475,1.080921,0.2434271,0.03335937,-0.05457476,0.9678078
1714910138726,1.1786,1.506381,1.082742,0.2425378,0.02957098,-0.05108935,0.9683444
1714910138740,1.17664,1.506438,1.084809,0.2406447,0.02639265,-0.04832355,0.9690503
1714910138754,1.174615,1.506473,1.087154,0.2385242,0.02409888,-0.04609269,0.9697427
1714910138768,1.1728,1.506531,1.089479,0.2352742,0.02218127,-0.04496661,0.9706349
1714910138782,1.170698,1.506458,1.091954,0.2319763,0.0218802,-0.04351333,0.9715014
1714910138795,1.168571,1.506517,1.094743,0.2285464,0.02227706,-0.04213267,0.9723657
1714910138810,1.166275,1.506877,1.097766,0.2265878,0.02330965,-0.04069315,0.9728611
1714910138823,1.163802,1.506913,1.101002,0.2242638,0.02383791,-0.0391948,0.9734482
1714910138837,1.160976,1.507336,1.104388,0.2227789,0.02370378,-0.03776089,0.9738489
1714910138851,1.157634,1.507709,1.108415,0.2226351,0.02307337,-0.03563061,0.9739773
1714910138866,1.154384,1.507999,1.112493,0.2217492,0.02102273,-0.03293871,0.9743205
1714910138879,1.151022,1.508242,1.116726,0.2207097,0.01803502,-0.02950507,0.9747263
1714910138893,1.147576,1.508479,1.121231,0.2191774,0.01424226,-0.02573208,0.9752417
1714910138907,1.144162,1.508338,1.12599,0.2175955,0.01036194,-0.02244341,0.9757259
1714910138921,1.1408,1.508493,1.130296,0.2166018,0.006689045,-0.02105398,0.9760101
1714910138935,1.137115,1.508585,1.134342,0.2160593,0.005268954,-0.02262128,0.976104
1714910138948,1.133901,1.508813,1.138013,0.2171764,0.004819793,-0.02652822,0.9757599
1714910138963,1.130587,1.509157,1.141874,0.2179643,0.005800987,-0.03104756,0.9754456
1714910138976,1.127269,1.509626,1.146021,0.217981,0.006879083,-0.03319985,0.9753639
1714910138990,1.123902,1.510136,1.150733,0.2197842,0.0088354,-0.03337577,0.9749374
1714910139004,1.119794,1.511077,1.155638,0.2214561,0.0115102,-0.03454876,0.9744902
1714910139018,1.115524,1.512986,1.160975,0.2219302,0.0141764,-0.03427084,0.974357
1714910139032,1.111123,1.514703,1.166513,0.2181298,0.01508876,-0.03216295,0.975273
1714910139046,1.1069,1.513614,1.172895,0.2111059,0.01694825,-0.02734669,0.9769336
1714910139060,1.102601,1.515291,1.179066,0.2076772,0.01796862,-0.02421989,0.9777324
1714910139074,1.098218,1.515597,1.185127,0.1984791,0.01842703,-0.02154271,0.9796951
1714910139088,1.093677,1.516427,1.191491,0.1877853,0.01956496,-0.01906504,0.9818302
1714910139102,1.090011,1.517255,1.198095,0.1801662,0.01897161,-0.01381672,0.9833562
1714910139116,1.085493,1.51783,1.205501,0.1674684,0.02271209,-0.01430656,0.985512
1714910139130,1.081368,1.519624,1.212757,0.1599597,0.0263627,-0.01595645,0.9866425
1714910139144,1.077506,1.521654,1.220512,0.1495611,0.03106693,-0.01810247,0.9880985
1714910139158,1.074239,1.524049,1.228968,0.1399419,0.03878396,-0.01877148,0.9892218
1714910139171,1.071587,1.52579,1.23775,0.1308805,0.04663342,-0.01717882,0.9901518
1714910139185,1.066992,1.5296,1.246061,0.1326667,0.05438195,-0.02203699,0.9894223
1714910139200,1.06318,1.531091,1.255398,0.1256969,0.0632108,-0.02777441,0.9896632
1714910139213,1.060621,1.535806,1.265199,0.1291438,0.0694487,-0.03238698,0.9886607
1714910139227,1.058052,1.538913,1.276046,0.1339758,0.07467109,-0.03717053,0.987468
1714910139241,1.054153,1.543661,1.286505,0.1386444,0.08095393,-0.04201125,0.9861335
1714910139255,1.051469,1.54844,1.295889,0.1425887,0.08639826,-0.04306608,0.985063
1714910139269,1.049472,1.552441,1.304059,0.1411204,0.09029322,-0.04226276,0.9849599
1714910139283,1.047416,1.555683,1.311984,0.1355131,0.09321874,-0.03996275,0.9855707
1714910139296,1.04544,1.557543,1.320405,0.1289512,0.09649283,-0.03496738,0.9863256
1714910139311,1.043526,1.56241,1.32761,0.1305211,0.09810465,-0.02941982,0.9861411
1714910139324,1.041038,1.564465,1.335633,0.1288874,0.09942199,-0.01977029,0.9864646
1714910139338,1.038217,1.565222,1.342181,0.1218306,0.1013174,-0.01050831,0.9873103
1714910139353,1.036418,1.566454,1.347685,0.1172495,0.1006541,-0.001970969,0.9879866
1714910139367,1.034646,1.567537,1.353175,0.1152728,0.1011505,0.005243758,0.9881565
1714910139380,1.033071,1.567004,1.358585,0.11132,0.09998864,0.006805479,0.9887183
1714910139394,1.031444,1.567602,1.364225,0.1125529,0.1003198,0.004328677,0.9885591
1714910139408,1.030389,1.569516,1.369259,0.1201324,0.09906485,-0.000574009,0.9878026
1714910139422,1.029365,1.570146,1.374814,0.1236133,0.09914716,-0.00449404,0.9873548
1714910139436,1.029113,1.570274,1.379405,0.1235874,0.09735938,-0.005968016,0.9875281
1714910139451,1.028695,1.571125,1.384855,0.1246228,0.096098,-0.006877957,0.9875156
1714910139464,1.028247,1.572265,1.390405,0.1283554,0.09468409,-0.01013504,0.987146
1714910139477,1.027963,1.573466,1.396227,0.1327813,0.09304467,-0.01300785,0.9866827
1714910139492,1.027573,1.574674,1.401946,0.1370468,0.09157791,-0.01418478,0.9862203
1714910139506,1.027396,1.575863,1.408008,0.141517,0.08927772,-0.01312202,0.9858145
1714910139520,1.027289,1.577442,1.413924,0.1469067,0.08514459,-0.01077331,0.9854201
1714910139534,1.027313,1.577635,1.42032,0.1496884,0.0808467,-0.006825265,0.9853987
1714910139547,1.02708,1.578378,1.426722,0.1515191,0.07509457,-0.00364924,0.9855909
1714910139561,1.02711,1.579162,1.433563,0.1527385,0.06872149,-0.0003189943,0.9858744
1714910139575,1.027033,1.580035,1.440816,0.156316,0.06252035,0.002512064,0.9857232
1714910139589,1.027286,1.580908,1.448534,0.1631481,0.05407049,0.005434513,0.9851038
1714910139603,1.027714,1.581927,1.456548,0.1714208,0.04530921,0.009917181,0.9841055
1714910139616,1.028217,1.5822,1.464477,0.1794178,0.03726306,0.01676174,0.9829241
1714910139631,1.028481,1.581888,1.472612,0.184785,0.02929258,0.02289924,0.9820754
1714910139645,1.029002,1.58141,1.481267,0.1912636,0.02303843,0.02957802,0.9808224
1714910139658,1.029952,1.580309,1.490368,0.1999475,0.01737686,0.03635066,0.9789779
1714910139673,1.030452,1.579755,1.499697,0.2105923,0.01418735,0.04061003,0.9766271
1714910139687,1.031024,1.577485,1.509135,0.2191581,0.01401298,0.04568391,0.9745185
1714910139700,1.031839,1.575166,1.518614,0.2295615,0.01359707,0.04964244,0.9719322
1714910139714,1.032803,1.5727,1.527969,0.2424204,0.01439336,0.05261492,0.9686366
1714910139729,1.033399,1.569053,1.537559,0.2556728,0.01704032,0.05466848,0.965066
1714910139742,1.034338,1.564824,1.546998,0.26732,0.01988931,0.05551912,0.9618015
1714910139756,1.034578,1.56015,1.557305,0.2801978,0.02573011,0.05544721,0.9579942
1714910139770,1.035857,1.556049,1.566496,0.2959346,0.02858378,0.05403549,0.9532502
1714910139784,1.036699,1.549415,1.575418,0.3063238,0.03282726,0.05112876,0.9499863
1714910139798,1.037792,1.542482,1.583906,0.3174704,0.03378258,0.04736897,0.9464816
1714910139812,1.039126,1.5353,1.59189,0.3277867,0.03345072,0.04474237,0.9430987
1714910139827,1.040519,1.527232,1.59927,0.3372191,0.03244548,0.04449095,0.9398144
1714910139840,1.041979,1.5189,1.606379,0.3459726,0.03154986,0.04525823,0.9366212
1714910139854,1.043509,1.510203,1.613163,0.3542036,0.03184667,0.0479138,0.933397
1714910139868,1.044696,1.500587,1.619311,0.3600653,0.03395783,0.04967204,0.9309847
1714910139882,1.046254,1.489643,1.624826,0.364578,0.03726635,0.04926031,0.9291219
1714910139896,1.047702,1.480178,1.630143,0.3720154,0.04029319,0.04473621,0.9262719
1714910139909,1.04928,1.469815,1.635166,0.3804853,0.04253066,0.03949814,0.9229637
1714910139924,1.051306,1.459209,1.639693,0.3891752,0.04163306,0.03473183,0.9195668
1714910139937,1.053582,1.447634,1.643424,0.3955215,0.03742917,0.03154541,0.9171515
1714910139952,1.055983,1.436235,1.64676,0.4002838,0.03220312,0.02938153,0.9153538
1714910139966,1.058501,1.425084,1.649887,0.4061691,0.02748287,0.02886672,0.9129283
1714910139979,1.060949,1.413121,1.651811,0.4069774,0.02301847,0.02835224,0.9127079
1714910139994,1.063584,1.401637,1.654283,0.4092024,0.01935211,0.02659616,0.9118506
1714910140007,1.065963,1.389138,1.655614,0.4074803,0.01678313,0.01936603,0.9128544
1714910140021,1.068457,1.377609,1.657031,0.4086541,0.01333169,0.008943201,0.9125482
1714910140035,1.070945,1.365999,1.658385,0.4085726,0.009596613,-0.002680122,0.9126714
1714910140050,1.073389,1.355361,1.659676,0.4096876,0.005914015,-0.01415649,0.9120969
1714910140063,1.076327,1.345157,1.66057,0.4123735,0.001489553,-0.02289631,0.9107259
1714910140076,1.07954,1.33495,1.660898,0.4139096,-0.002814863,-0.03010371,0.9098157
1714910140091,1.082757,1.325318,1.661485,0.4148085,-0.00722206,-0.03926783,0.9090324
1714910140105,1.085349,1.315282,1.661542,0.4095033,-0.009232133,-0.05236928,0.9107575
1714910140119,1.087509,1.306329,1.66232,0.4026614,-0.008802829,-0.06560504,0.9129525
1714910140133,1.089781,1.299442,1.663515,0.4029905,-0.008628418,-0.07515736,0.9120721
1714910140146,1.091534,1.29164,1.664265,0.4066066,-0.005344565,-0.07868999,0.9101925
1714910140161,1.093284,1.283678,1.664572,0.4090043,0.0007445521,-0.08148729,0.9088866
1714910140174,1.095478,1.27654,1.664305,0.4156976,0.006792848,-0.08195575,0.9057773
1714910140188,1.097072,1.270195,1.664539,0.4240355,0.01475248,-0.08056209,0.9019346
1714910140203,1.09929,1.263469,1.663785,0.4280687,0.02580726,-0.08587687,0.8992866
1714910140216,1.099994,1.25825,1.662736,0.4367408,0.04356479,-0.09293612,0.8937128
1714910140230,1.100807,1.253288,1.661987,0.4489737,0.05999345,-0.1038539,0.8854591
1714910140244,1.101288,1.248292,1.660486,0.4694952,0.07674023,-0.1099866,0.8726902
1714910140258,1.10191,1.243918,1.658535,0.4904752,0.0879241,-0.1153686,0.8592983
1714910140272,1.104139,1.237752,1.655251,0.5021018,0.09467568,-0.1162839,0.8517091
1714910140286,1.105666,1.230189,1.652179,0.497463,0.09797747,-0.1203367,0.8534929
1714910140299,1.106558,1.225012,1.648352,0.4888902,0.1001558,-0.1291351,0.856901
1714910140313,1.107864,1.221282,1.646956,0.490468,0.1014141,-0.1389839,0.8543066
1714910140327,1.109463,1.217777,1.646025,0.4991852,0.1069501,-0.1449591,0.8475628
1714910140341,1.110571,1.21369,1.645384,0.5149673,0.1098769,-0.1472786,0.8372842
1714910140356,1.111363,1.209504,1.644201,0.5273189,0.1122968,-0.1481548,0.8290805
1714910140369,1.112313,1.204503,1.641629,0.530966,0.1120903,-0.1477313,0.8268533
1714910140383,1.113052,1.200258,1.638371,0.5292597,0.1127059,-0.1488496,0.8276626
1714910140397,1.112594,1.195686,1.6353,0.5241329,0.1189943,-0.1529329,0.8292989
1714910140411,1.112437,1.192623,1.633616,0.5199668,0.1235769,-0.1620368,0.8295224
1714910140425,1.112796,1.189867,1.632968,0.5193197,0.1328197,-0.1696991,0.8269632
1714910140438,1.113163,1.187907,1.632729,0.5296843,0.1370957,-0.1767787,0.8181617
1714910140453,1.113146,1.184558,1.631984,0.5351686,0.1400746,-0.1843556,0.8123956
1714910140466,1.112657,1.180753,1.630464,0.5404474,0.1396157,-0.1909319,0.8074461
1714910140480,1.111933,1.177488,1.628849,0.5450319,0.1367654,-0.197847,0.8031762
1714910140494,1.111241,1.174296,1.626958,0.5472299,0.1317757,-0.2031505,0.8011895
1714910140508,1.109991,1.170437,1.625336,0.5456853,0.1306907,-0.2045441,0.8020657
1714910140522,1.108523,1.166603,1.624065,0.5455551,0.1322645,-0.2044302,0.8019252
1714910140536,1.105973,1.161258,1.622353,0.5346994,0.1417501,-0.2138677,0.8051485
1714910140550,1.10473,1.1591,1.622623,0.5481383,0.1421531,-0.21483,0.7957292
1714910140564,1.103052,1.154369,1.62109,0.5542557,0.1476124,-0.2170392,0.7898767
1714910140578,1.09989,1.150112,1.621472,0.5569934,0.1567314,-0.2197117,0.7854428
1714910140592,1.097754,1.14585,1.620232,0.5669307,0.1603193,-0.2176361,0.7781529
1714910140606,1.094434,1.141496,1.620008,0.570824,0.1667093,-0.2165339,0.7742617
1714910140619,1.091744,1.137349,1.619485,0.576061,0.1702742,-0.2131123,0.7705477
1714910140634,1.088891,1.133227,1.619329,0.5830258,0.1731182,-0.2081343,0.7660229
1714910140648,1.085683,1.128814,1.618623,0.5886282,0.1764112,-0.2033501,0.7622629
1714910140661,1.082498,1.124336,1.617789,0.5944963,0.179881,-0.1993831,0.7579336
1714910140675,1.078662,1.119779,1.617496,0.5998809,0.1848948,-0.1989374,0.7525827
1714910140689,1.075176,1.115949,1.617097,0.6063455,0.1886903,-0.2039416,0.7450832
1714910140703,1.071615,1.112119,1.616262,0.610965,0.1906873,-0.2138093,0.7380013
1714910140717,1.068429,1.108157,1.616139,0.6167328,0.1899382,-0.2234409,0.7305055
1714910140731,1.064618,1.103155,1.614838,0.6181197,0.1895176,-0.2287007,0.72781
1714910140745,1.061396,1.099706,1.614742,0.6227641,0.1899769,-0.2339318,0.7220455
1714910140759,1.057695,1.095278,1.613339,0.6218024,0.195447,-0.2397053,0.7195162
1714910140773,1.054357,1.091204,1.612524,0.6257736,0.202835,-0.2446951,0.7123129
1714910140787,1.05042,1.087145,1.612462,0.627598,0.2132229,-0.2529406,0.7047538
1714910140801,1.047071,1.082931,1.612307,0.6249651,0.2267249,-0.2624483,0.6993822
1714910140815,1.044199,1.078721,1.611905,0.6183984,0.2451025,-0.2689289,0.6965525
1714910140829,1.042988,1.075199,1.613097,0.6209297,0.2610114,-0.2723172,0.6871409
1714910140843,1.042455,1.072015,1.61384,0.622592,0.2730487,-0.2763885,0.6792886
1714910140856,1.041787,1.068482,1.614222,0.6213518,0.2848294,-0.2764547,0.6755494
1714910140871,1.042356,1.069406,1.613414,0.6230916,0.2834266,-0.2829206,0.6718498
1714910140885,1.039688,1.06279,1.613116,0.6156367,0.2892332,-0.2821848,0.6765407
1714910140898,1.04174,1.060068,1.615784,0.6178191,0.2942127,-0.2823205,0.6723344
1714910140913,1.04217,1.056347,1.617165,0.6225282,0.2990259,-0.2856145,0.6644296
1714910140926,1.042752,1.052405,1.617841,0.6242995,0.3032615,-0.2892362,0.6592611
1714910140940,1.042859,1.048517,1.618434,0.6227661,0.3078454,-0.292211,0.6572719
1714910140954,1.043889,1.044402,1.619066,0.6221706,0.3114856,-0.2929957,0.6557698
1714910140968,1.04521,1.040437,1.620126,0.6242586,0.312222,-0.2911601,0.654251
1714910140982,1.046487,1.036097,1.621333,0.62676,0.3114978,-0.2880612,0.6535762
1714910140996,1.047831,1.031603,1.622669,0.6314886,0.3085575,-0.2846161,0.6519266
1714910141009,1.049086,1.026878,1.623302,0.6339941,0.3030074,-0.2808875,0.6537127
1714910141024,1.050037,1.021234,1.623698,0.6338601,0.3014888,-0.2724967,0.6580817
1714910141037,1.051767,1.015611,1.62476,0.6403795,0.2980867,-0.2651229,0.6563293
1714910141052,1.05272,1.009277,1.625434,0.6445338,0.2970745,-0.2633747,0.6534193
1714910141066,1.054791,1.00369,1.626685,0.6580724,0.2927676,-0.2613311,0.6425993
1714910141079,1.055902,0.9976315,1.627318,0.6661469,0.2913238,-0.2612329,0.6349301
1714910141094,1.056722,0.9921332,1.627315,0.6739159,0.2883627,-0.2628036,0.6273904
1714910141107,1.057477,0.9865326,1.627157,0.6797674,0.2858042,-0.2627059,0.6222683
1714910141122,1.058333,0.981749,1.626388,0.6866934,0.2798597,-0.2630243,0.6172107
1714910141135,1.058612,0.9762224,1.625782,0.6914216,0.2766846,-0.2613306,0.614075
1714910141149,1.058733,0.9717796,1.625303,0.6978391,0.273181,-0.2602679,0.608813
1714910141163,1.058346,0.967537,1.624219,0.7028307,0.2706429,-0.2582253,0.6050629
1714910141177,1.058069,0.9632891,1.623296,0.7097371,0.2675595,-0.2532271,0.6004676
1714910141192,1.0582,0.9592924,1.622137,0.7155918,0.2647187,-0.2489975,0.5965339
1714910141205,1.057232,0.9544067,1.620813,0.7222024,0.264606,-0.2434143,0.5908949
1714910141219,1.056516,0.9500658,1.619534,0.7281509,0.2655236,-0.2413795,0.5839772
1714910141233,1.055784,0.9456034,1.617976,0.7340381,0.266509,-0.2389134,0.5771321
1714910141247,1.054958,0.9415054,1.615748,0.7386394,0.2679242,-0.2370896,0.5713291
1714910141261,1.053927,0.937578,1.613448,0.741745,0.2691039,-0.2353797,0.5674451
1714910141275,1.052683,0.9335009,1.610884,0.7433959,0.2698999,-0.2323543,0.566152
1714910141288,1.051877,0.9293294,1.608802,0.7456395,0.2702748,-0.2285826,0.5645558
1714910141302,1.050685,0.9249725,1.606657,0.7479472,0.2707712,-0.2251574,0.5626386
1714910141317,1.04965,0.9204004,1.604836,0.7510162,0.2713535,-0.2218171,0.5595884
1714910141331,1.048545,0.9157649,1.603174,0.7549027,0.2725233,-0.2180121,0.5552691
1714910141345,1.047525,0.9113942,1.601351,0.7582217,0.2741033,-0.2149003,0.551167
1714910141358,1.046497,0.9071345,1.599498,0.7608851,0.2758383,-0.2112096,0.5480489
1714910141372,1.045494,0.9030444,1.597457,0.7628418,0.2773533,-0.2062743,0.5464416
1714910141386,1.044487,0.8989556,1.595689,0.764753,0.2783659,-0.2014212,0.5450639
1714910141400,1.043713,0.8949766,1.594412,0.767571,0.2794132,-0.197558,0.5419722
1714910141414,1.043121,0.8912938,1.593096,0.771336,0.2799857,-0.1944555,0.5374346
1714910141428,1.042599,0.8878921,1.591625,0.7741946,0.2803052,-0.1922113,0.5339537
1714910141442,1.042094,0.8849376,1.590126,0.7764988,0.2806738,-0.190254,0.5311075
1714910141456,1.041745,0.8822852,1.588593,0.7781163,0.2813047,-0.1886163,0.5289863
1714910141469,1.041009,0.8796549,1.586761,0.7782894,0.2827322,-0.1871219,0.5285012
1714910141484,1.040375,0.877092,1.585173,0.7780687,0.2846922,-0.1859821,0.5281762
1714910141497,1.039847,0.8748184,1.583549,0.7776784,0.2869041,-0.1852135,0.5278241
1714910141512,1.0393,0.872545,1.582215,0.7775149,0.2897747,-0.1847788,0.5266479
1714910141526,1.038936,0.8705602,1.580933,0.7779229,0.2918704,-0.1846374,0.5249349
1714910141539,1.03834,0.86868,1.579778,0.7785251,0.2935649,-0.1838851,0.5233589
1714910141553,1.03758,0.8670645,1.578619,0.7789519,0.2947037,-0.1831826,0.5223293
1714910141567,1.036789,0.8656853,1.577532,0.7792361,0.2956114,-0.1824607,0.5216447
1714910141581,1.036421,0.8644601,1.576417,0.7791727,0.2962493,-0.182297,0.5214347
1714910141595,1.035972,0.8634275,1.57532,0.7787363,0.2973159,-0.1823659,0.5214554
1714910141609,1.035443,0.8624793,1.574229,0.7780411,0.2983009,-0.1820056,0.5220561
1714910141623,1.034785,0.8615016,1.573255,0.7774498,0.2991229,-0.1812208,0.5227392
1714910141637,1.034106,0.8604851,1.572464,0.7769935,0.3002556,-0.180253,0.5231029
1714910141650,1.033572,0.8594592,1.57183,0.7771918,0.3011394,-0.17939,0.5225967
1714910141664,1.033182,0.8586603,1.571257,0.7779362,0.3018561,-0.1786184,0.5213385
1714910141678,1.032745,0.8579551,1.570721,0.778582,0.3029723,-0.1780208,0.5199292
1714910141693,1.032345,0.8573405,1.570156,0.7787033,0.304521,-0.177239,0.5191094
1714910141707,1.031925,0.8566158,1.569716,0.7788629,0.3058911,-0.1763807,0.5183561
1714910141720,1.031468,0.8558275,1.569332,0.7790251,0.3071012,-0.1749243,0.5178901
1714910141735,1.031011,0.8552034,1.568983,0.7794858,0.3073163,-0.1729574,0.5177299
1714910141748,1.030599,0.8545684,1.568775,0.7804401,0.3070011,-0.1704682,0.5173048
1714910141763,1.030253,0.8539537,1.568607,0.7817946,0.3059488,-0.1672196,0.5169431
1714910141776,1.029638,0.8534145,1.568117,0.7823637,0.3058,-0.1631486,0.5174708
1714910141791,1.029289,0.8528146,1.567966,0.7831933,0.306192,-0.1600422,0.5169539
1714910141804,1.028863,0.8522114,1.567694,0.7833952,0.3076395,-0.1572115,0.5166569
1714910141818,1.028426,0.8516113,1.567565,0.783465,0.3097437,-0.1543365,0.5161606
1714910141832,1.028116,0.8511405,1.567454,0.7835612,0.3116851,-0.1515497,0.5156714
1714910141846,1.027843,0.8506474,1.567472,0.7837508,0.3136891,-0.1485497,0.5150406
1714910141859,1.027685,0.8500277,1.567422,0.7839574,0.315314,-0.145668,0.514557
1714910141874,1.027584,0.8493578,1.567328,0.7842081,0.316494,-0.1428727,0.5142341
1714910141887,1.02756,0.8488005,1.567329,0.7846597,0.3171148,-0.1406391,0.5137783
1714910141901,1.027431,0.8482603,1.567415,0.7850519,0.3175817,-0.1384948,0.5134731
1714910141916,1.027437,0.8477385,1.567642,0.7855436,0.3178298,-0.1368186,0.5130168
1714910141929,1.027387,0.8472212,1.567849,0.7859625,0.3181994,-0.1349768,0.5126338
1714910141944,1.027284,0.8466464,1.568061,0.7864332,0.3186144,-0.1330008,0.5121703
1714910141957,1.027157,0.846149,1.568355,0.7873842,0.3187128,-0.1315402,0.5110241
1714910141971,1.027163,0.8457308,1.568691,0.7884459,0.3185905,-0.1306853,0.5096808
1714910141985,1.027135,0.8454539,1.568943,0.7893624,0.3182521,-0.1297503,0.5087115
1714910141998,1.026988,0.8451398,1.569159,0.7899237,0.3181558,-0.1289828,0.5080953
1714910142012,1.026823,0.8449322,1.569343,0.7899267,0.3181974,-0.1283825,0.5082167
1714910142026,1.026585,0.8446222,1.569465,0.7898728,0.3187661,-0.1276591,0.5081262
1714910142041,1.026411,0.8443529,1.56962,0.7902075,0.3191041,-0.1269651,0.5075673
1714910142054,1.026226,0.844116,1.569911,0.7905861,0.3194466,-0.1266456,0.5068417
1714910142069,1.026108,0.8440133,1.570113,0.7908962,0.3190824,-0.1264107,0.5066458
1714910142082,1.025954,0.8440113,1.57023,0.7909625,0.3185484,-0.1258658,0.5070138
1714910142096,1.02575,0.8440216,1.570352,0.7911714,0.3175903,-0.1249812,0.5075077
1714910142111,1.025635,0.8438048,1.570469,0.7911773,0.3167703,-0.1240039,0.5082501
1714910142124,1.025412,0.8437923,1.570461,0.7911641,0.3162126,-0.1230003,0.5088614
1714910142138,1.02522,0.8437809,1.570534,0.7917803,0.3160702,-0.1221683,0.5081915
1714910142152,1.025044,0.8438124,1.570675,0.791854,0.3162501,-0.1217835,0.508057
1714910142166,1.024873,0.8438256,1.570774,0.7920176,0.3160413,-0.1213986,0.5080241
1714910142179,1.024752,0.8437806,1.570844,0.7924783,0.315668,-0.1208552,0.5076672
1714910142194,1.02465,0.8437091,1.5709,0.7931986,0.3149164,-0.1202984,0.5071409
1714910142208,1.024515,0.843601,1.570997,0.7940742,0.3140322,-0.119754,0.5064474
1714910142222,1.024374,0.8435193,1.57118,0.79486,0.3130439,-0.1191941,0.5059584
1714910142236,1.02422,0.8433692,1.571456,0.7958499,0.3121468,-0.1179605,0.5052451
1714910142249,1.024036,0.8432389,1.571741,0.7968459,0.3115225,-0.11636,0.5044312
1714910142264,1.023682,0.8431676,1.571955,0.7975014,0.3113238,-0.1148809,0.5038565
1714910142277,1.023304,0.8430749,1.572021,0.7977816,0.3117959,-0.1136835,0.5033923
1714910142291,1.02296,0.8431034,1.572026,0.7978331,0.3125401,-0.1128706,0.503032
1714910142306,1.022633,0.8432093,1.571975,0.797501,0.3136085,-0.1128697,0.502894
1714910142319,1.022334,0.8432711,1.571972,0.7971669,0.314752,-0.1132963,0.5026134
1714910142333,1.022029,0.8433605,1.572057,0.7972027,0.3158071,-0.1139863,0.5017379
1714910142347,1.021827,0.8433083,1.572122,0.7973917,0.3166577,-0.1148654,0.5006999
1714910142360,1.021649,0.8433251,1.57204,0.7976854,0.3168383,-0.1156955,0.4999261
1714910142375,1.02141,0.8433865,1.571979,0.7980078,0.3167657,-0.1162592,0.4993263
1714910142389,1.021156,0.8435252,1.571883,0.7981343,0.3164465,-0.116822,0.4991952
1714910142403,1.020366,0.8430436,1.571883,0.7986235,0.3159371,-0.1173858,0.4986029
1714910142417,1.020403,0.8434168,1.571362,0.7983407,0.315158,-0.1172872,0.4995712
1714910142430,1.020153,0.8435474,1.571469,0.7999956,0.3135753,-0.1171335,0.4979531
1714910142473,1.019675,0.8434955,1.571061,0.799894,0.31246,-0.1162178,0.4990308
1714910142486,1.018665,0.8434069,1.570431,0.8008488,0.3102635,-0.1159034,0.4989431
1714910142500,1.018339,0.8432381,1.570307,0.8015147,0.3094712,-0.1159337,0.4983585
171491014